20000
1, 280, 0.899390
280, 1, 0.899390
1, 205, 4.150579
205, 1, 4.150579
1, 475, 4.233647
475, 1, 4.233647
1, 16, 4.563302
16, 1, 4.563302
1, 241, 4.941113
241, 1, 4.941113
1, 272, 4.996827
272, 1, 4.996827
1, 704, 5.096530
704, 1, 5.096530
1, 816, 5.534298
816, 1, 5.534298
1, 426, 5.625554
426, 1, 5.625554
1, 454, 5.643318
454, 1, 5.643318
2, 3, 1.012452
3, 2, 1.012452
2, 632, 1.516246
632, 2, 1.516246
2, 504, 2.566592
504, 2, 2.566592
2, 647, 2.810892
647, 2, 2.810892
2, 723, 3.010458
723, 2, 3.010458
2, 340, 3.441124
340, 2, 3.441124
2, 534, 3.798724
534, 2, 3.798724
2, 846, 4.116312
846, 2, 4.116312
2, 401, 4.257856
401, 2, 4.257856
2, 960, 4.375860
960, 2, 4.375860
3, 2, 1.012452
2, 3, 1.012452
3, 632, 1.469907
632, 3, 1.469907
3, 647, 2.343652
647, 3, 2.343652
3, 534, 2.829442
534, 3, 2.829442
3, 723, 3.539730
723, 3, 3.539730
3, 504, 3.577685
504, 3, 3.577685
3, 390, 3.630887
390, 3, 3.630887
3, 298, 3.815484
298, 3, 3.815484
3, 846, 3.953653
846, 3, 3.953653
3, 340, 4.443722
340, 3, 4.443722
4, 900, 0.448643
900, 4, 0.448643
4, 477, 3.907564
477, 4, 3.907564
4, 492, 4.529171
492, 4, 4.529171
4, 444, 5.543530
444, 4, 5.543530
4, 770, 6.367016
770, 4, 6.367016
4, 214, 6.456234
214, 4, 6.456234
4, 836, 6.506388
836, 4, 6.506388
4, 50, 6.879299
50, 4, 6.879299
4, 299, 7.145844
299, 4, 7.145844
4, 835, 7.469694
835, 4, 7.469694
5, 861, 2.111354
861, 5, 2.111354
5, 409, 2.502179
409, 5, 2.502179
5, 200, 3.267826
200, 5, 3.267826
5, 724, 3.416044
724, 5, 3.416044
5, 699, 4.357857
699, 5, 4.357857
5, 979, 5.021428
979, 5, 5.021428
5, 201, 5.300533
201, 5, 5.300533
5, 593, 5.496393
593, 5, 5.496393
5, 430, 5.738912
430, 5, 5.738912
5, 897, 6.159717
897, 5, 6.159717
6, 417, 1.879666
417, 6, 1.879666
6, 827, 2.261460
827, 6, 2.261460
6, 757, 3.335223
757, 6, 3.335223
6, 549, 5.742459
549, 6, 5.742459
6, 642, 6.421600
642, 6, 6.421600
6, 293, 6.683439
293, 6, 6.683439
6, 372, 6.942659
372, 6, 6.942659
6, 550, 7.743930
550, 6, 7.743930
6, 385, 8.009523
385, 6, 8.009523
6, 821, 8.024934
821, 6, 8.024934
7, 71, 1.993491
71, 7, 1.993491
7, 87, 2.404754
87, 7, 2.404754
7, 342, 2.750571
342, 7, 2.750571
7, 203, 3.557689
203, 7, 3.557689
7, 439, 3.605402
439, 7, 3.605402
7, 388, 3.889138
388, 7, 3.889138
7, 130, 5.117620
130, 7, 5.117620
7, 828, 5.259905
828, 7, 5.259905
7, 276, 5.455811
276, 7, 5.455811
7, 984, 5.877457
984, 7, 5.877457
8, 285, 1.895905
285, 8, 1.895905
8, 887, 2.386718
887, 8, 2.386718
8, 245, 3.328155
245, 8, 3.328155
8, 98, 3.548140
98, 8, 3.548140
8, 389, 3.742350
389, 8, 3.742350
8, 643, 4.210641
643, 8, 4.210641
8, 155, 5.343658
155, 8, 5.343658
8, 688, 5.707559
688, 8, 5.707559
8, 547, 5.905046
547, 8, 5.905046
8, 931, 5.914804
931, 8, 5.914804
9, 486, 1.057985
486, 9, 1.057985
9, 921, 1.327041
921, 9, 1.327041
9, 14, 1.438496
14, 9, 1.438496
9, 216, 3.230802
216, 9, 3.230802
9, 805, 4.799834
805, 9, 4.799834
9, 453, 4.958565
453, 9, 4.958565
9, 878, 5.361376
878, 9, 5.361376
9, 659, 5.419760
659, 9, 5.419760
9, 197, 5.629998
197, 9, 5.629998
9, 972, 5.791104
972, 9, 5.791104
10, 891, 2.990795
891, 10, 2.990795
10, 579, 3.453232
579, 10, 3.453232
10, 834, 3.558154
834, 10, 3.558154
10, 116, 4.310860
116, 10, 4.310860
10, 663, 4.941843
663, 10, 4.941843
10, 793, 5.059440
793, 10, 5.059440
10, 265, 5.217161
265, 10, 5.217161
10, 442, 5.292163
442, 10, 5.292163
10, 525, 5.595924
525, 10, 5.595924
10, 297, 5.661250
297, 10, 5.661250
11, 774, 1.222556
774, 11, 1.222556
11, 378, 2.613652
378, 11, 2.613652
11, 889, 3.786302
889, 11, 3.786302
11, 500, 4.012249
500, 11, 4.012249
11, 212, 4.350041
212, 11, 4.350041
11, 331, 4.530011
331, 11, 4.530011
11, 351, 5.269444
351, 11, 5.269444
11, 942, 5.733738
942, 11, 5.733738
11, 55, 5.790371
55, 11, 5.790371
11, 674, 5.876457
674, 11, 5.876457
12, 405, 0.381453
405, 12, 0.381453
12, 179, 0.645800
179, 12, 0.645800
12, 345, 1.460021
345, 12, 1.460021
12, 353, 1.798194
353, 12, 1.798194
12, 844, 2.073724
844, 12, 2.073724
12, 239, 2.522650
239, 12, 2.522650
12, 685, 4.292221
685, 12, 4.292221
12, 183, 4.351185
183, 12, 4.351185
12, 323, 4.364024
323, 12, 4.364024
12, 208, 5.086492
208, 12, 5.086492
13, 325, 1.163203
325, 13, 1.163203
13, 120, 1.187700
120, 13, 1.187700
13, 934, 2.727418
934, 13, 2.727418
13, 178, 3.124363
178, 13, 3.124363
13, 690, 3.870079
690, 13, 3.870079
13, 872, 4.596047
872, 13, 4.596047
13, 473, 5.235495
473, 13, 5.235495
13, 932, 5.758611
932, 13, 5.758611
13, 864, 6.243620
864, 13, 6.243620
13, 852, 6.416255
852, 13, 6.416255
14, 921, 0.434057
921, 14, 0.434057
14, 9, 1.438496
9, 14, 1.438496
14, 486, 2.373680
486, 14, 2.373680
14, 216, 2.587993
216, 14, 2.587993
14, 659, 4.235487
659, 14, 4.235487
14, 805, 4.432493
805, 14, 4.432493
14, 453, 4.601023
453, 14, 4.601023
14, 972, 5.518337
972, 14, 5.518337
14, 717, 6.203428
717, 14, 6.203428
14, 244, 6.364748
244, 14, 6.364748
15, 28, 2.143835
28, 15, 2.143835
15, 902, 2.288556
902, 15, 2.288556
15, 140, 2.730492
140, 15, 2.730492
15, 566, 3.261173
566, 15, 3.261173
15, 222, 3.499741
222, 15, 3.499741
15, 158, 3.722804
158, 15, 3.722804
15, 459, 3.734286
459, 15, 3.734286
15, 79, 3.917543
79, 15, 3.917543
15, 32, 4.755151
32, 15, 4.755151
15, 46, 5.297405
46, 15, 5.297405
16, 816, 1.565659
816, 16, 1.565659
16, 704, 1.602681
704, 16, 1.602681
16, 611, 2.738391
611, 16, 2.738391
16, 720, 3.408835
720, 16, 3.408835
16, 26, 3.980753
26, 16, 3.980753
16, 272, 4.324145
272, 16, 4.324145
16, 1, 4.563302
1, 16, 4.563302
16, 280, 5.004522
280, 16, 5.004522
16, 895, 6.133399
895, 16, 6.133399
16, 338, 6.392746
338, 16, 6.392746
17, 193, 1.636792
193, 17, 1.636792
17, 487, 1.768628
487, 17, 1.768628
17, 813, 1.823950
813, 17, 1.823950
17, 677, 3.346536
677, 17, 3.346536
17, 719, 3.481040
719, 17, 3.481040
17, 842, 3.715270
842, 17, 3.715270
17, 43, 4.073024
43, 17, 4.073024
17, 936, 4.209755
936, 17, 4.209755
17, 292, 4.487433
292, 17, 4.487433
17, 531, 4.946329
531, 17, 4.946329
18, 645, 0.605950
645, 18, 0.605950
18, 471, 1.535023
471, 18, 1.535023
18, 568, 1.619895
568, 18, 1.619895
18, 86, 3.421565
86, 18, 3.421565
18, 335, 3.731253
335, 18, 3.731253
18, 865, 4.144388
865, 18, 4.144388
18, 991, 4.876135
991, 18, 4.876135
18, 965, 5.761616
965, 18, 5.761616
18, 614, 5.819812
614, 18, 5.819812
18, 102, 6.176619
102, 18, 6.176619
19, 109, 0.651825
109, 19, 0.651825
19, 443, 1.575355
443, 19, 1.575355
19, 454, 2.408221
454, 19, 2.408221
19, 909, 2.565230
909, 19, 2.565230
19, 689, 4.005032
689, 19, 4.005032
19, 290, 4.396997
290, 19, 4.396997
19, 289, 5.233591
289, 19, 5.233591
19, 673, 5.385988
673, 19, 5.385988
19, 597, 5.683431
597, 19, 5.683431
19, 30, 5.952854
30, 19, 5.952854
20, 748, 0.435530
748, 20, 0.435530
20, 166, 1.657587
166, 20, 1.657587
20, 341, 1.742198
341, 20, 1.742198
20, 305, 2.189663
305, 20, 2.189663
20, 168, 2.536411
168, 20, 2.536411
20, 747, 2.849015
747, 20, 2.849015
20, 922, 2.927162
922, 20, 2.927162
20, 365, 3.231883
365, 20, 3.231883
20, 876, 3.423321
876, 20, 3.423321
20, 52, 3.981767
52, 20, 3.981767
21, 395, 1.573277
395, 21, 1.573277
21, 78, 2.786573
78, 21, 2.786573
21, 393, 2.951330
393, 21, 2.951330
21, 429, 3.004827
429, 21, 3.004827
21, 344, 3.015267
344, 21, 3.015267
21, 664, 3.360793
664, 21, 3.360793
21, 537, 3.874649
537, 21, 3.874649
21, 976, 4.035068
976, 21, 4.035068
21, 361, 4.418811
361, 21, 4.418811
21, 434, 4.466601
434, 21, 4.466601
22, 275, 2.118264
275, 22, 2.118264
22, 295, 2.818035
295, 22, 2.818035
22, 269, 2.819048
269, 22, 2.819048
22, 621, 4.064026
621, 22, 4.064026
22, 482, 4.901695
482, 22, 4.901695
22, 308, 4.934280
308, 22, 4.934280
22, 680, 5.390038
680, 22, 5.390038
22, 948, 5.503084
948, 22, 5.503084
22, 35, 5.773532
35, 22, 5.773532
22, 274, 5.785134
274, 22, 5.785134
23, 221, 1.492470
221, 23, 1.492470
23, 408, 1.534036
408, 23, 1.534036
23, 513, 2.231383
513, 23, 2.231383
23, 260, 3.982909
260, 23, 3.982909
23, 875, 4.244999
875, 23, 4.244999
23, 753, 5.385651
753, 23, 5.385651
23, 327, 5.531463
327, 23, 5.531463
23, 554, 6.449061
554, 23, 6.449061
23, 764, 6.711914
764, 23, 6.711914
23, 63, 7.138389
63, 23, 7.138389
24, 257, 1.151458
257, 24, 1.151458
24, 358, 1.167525
358, 24, 1.167525
24, 122, 1.207241
122, 24, 1.207241
24, 763, 1.883961
763, 24, 1.883961
24, 869, 2.519247
869, 24, 2.519247
24, 687, 2.870024
687, 24, 2.870024
24, 980, 2.920997
980, 24, 2.920997
24, 967, 2.997537
967, 24, 2.997537
24, 190, 3.170962
190, 24, 3.170962
24, 480, 3.789628
480, 24, 3.789628
25, 812, 0.798509
812, 25, 0.798509
25, 447, 2.015905
447, 25, 2.015905
25, 620, 3.345941
620, 25, 3.345941
25, 718, 3.678000
718, 25, 3.678000
25, 273, 3.717305
273, 25, 3.717305
25, 859, 4.477641
859, 25, 4.477641
25, 708, 5.146240
708, 25, 5.146240
25, 544, 5.371422
544, 25, 5.371422
25, 532, 5.526700
532, 25, 5.526700
25, 366, 6.450133
366, 25, 6.450133
26, 720, 1.387095
720, 26, 1.387095
26, 895, 2.182167
895, 26, 2.182167
26, 816, 2.416718
816, 26, 2.416718
26, 272, 3.561357
272, 26, 3.561357
26, 16, 3.980753
16, 26, 3.980753
26, 611, 4.178885
611, 26, 4.178885
26, 346, 4.255509
346, 26, 4.255509
26, 362, 4.494847
362, 26, 4.494847
26, 704, 5.321287
704, 26, 5.321287
26, 985, 5.433963
985, 26, 5.433963
27, 427, 1.875723
427, 27, 1.875723
27, 940, 2.052379
940, 27, 2.052379
27, 69, 2.844569
69, 27, 2.844569
27, 172, 3.710442
172, 27, 3.710442
27, 145, 3.786112
145, 27, 3.786112
27, 977, 4.291092
977, 27, 4.291092
27, 209, 4.375270
209, 27, 4.375270
27, 259, 4.623873
259, 27, 4.623873
27, 962, 4.734967
962, 27, 4.734967
27, 382, 4.976946
382, 27, 4.976946
28, 79, 1.898648
79, 28, 1.898648
28, 15, 2.143835
15, 28, 2.143835
28, 32, 2.836216
32, 28, 2.836216
28, 902, 2.929705
902, 28, 2.929705
28, 46, 3.427147
46, 28, 3.427147
28, 100, 4.297501
100, 28, 4.297501
28, 140, 4.725192
140, 28, 4.725192
28, 566, 4.870248
566, 28, 4.870248
28, 922, 4.877824
922, 28, 4.877824
28, 52, 5.082709
52, 28, 5.082709
29, 527, 1.765050
527, 29, 1.765050
29, 127, 1.801466
127, 29, 1.801466
29, 230, 1.877111
230, 29, 1.877111
29, 248, 2.817592
248, 29, 2.817592
29, 281, 2.865957
281, 29, 2.865957
29, 57, 3.256452
57, 29, 3.256452
29, 730, 3.853130
730, 29, 3.853130
29, 901, 4.975153
901, 29, 4.975153
29, 228, 5.533296
228, 29, 5.533296
29, 201, 5.685126
201, 29, 5.685126
30, 289, 2.596063
289, 30, 2.596063
30, 661, 2.775807
661, 30, 2.775807
30, 909, 3.411688
909, 30, 3.411688
30, 933, 3.823266
933, 30, 3.823266
30, 689, 3.995701
689, 30, 3.995701
30, 893, 4.117064
893, 30, 4.117064
30, 454, 4.638004
454, 30, 4.638004
30, 640, 4.760583
640, 30, 4.760583
30, 338, 5.075571
338, 30, 5.075571
30, 139, 5.197158
139, 30, 5.197158
31, 911, 2.996758
911, 31, 2.996758
31, 483, 3.265352
483, 31, 3.265352
31, 599, 3.330655
599, 31, 3.330655
31, 316, 3.820867
316, 31, 3.820867
31, 434, 4.015892
434, 31, 4.015892
31, 992, 4.790797
992, 31, 4.790797
31, 972, 5.379210
972, 31, 5.379210
31, 344, 5.958102
344, 31, 5.958102
31, 717, 6.538695
717, 31, 6.538695
31, 395, 6.587188
395, 31, 6.587188
32, 46, 0.602651
46, 32, 0.602651
32, 79, 0.971651
79, 32, 0.971651
32, 922, 2.219553
922, 32, 2.219553
32, 100, 2.513032
100, 32, 2.513032
32, 747, 2.624161
747, 32, 2.624161
32, 28, 2.836216
28, 32, 2.836216
32, 52, 3.918452
52, 32, 3.918452
32, 166, 4.290574
166, 32, 4.290574
32, 876, 4.413193
876, 32, 4.413193
32, 15, 4.755151
15, 32, 4.755151
33, 137, 0.347374
137, 33, 0.347374
33, 274, 0.993503
274, 33, 0.993503
33, 799, 1.583345
799, 33, 1.583345
33, 308, 3.095222
308, 33, 3.095222
33, 942, 4.006231
942, 33, 4.006231
33, 674, 4.275414
674, 33, 4.275414
33, 740, 4.499073
740, 33, 4.499073
33, 412, 4.530718
412, 33, 4.530718
33, 275, 6.296017
275, 33, 6.296017
33, 482, 6.335039
482, 33, 6.335039
34, 199, 0.944216
199, 34, 0.944216
34, 113, 1.940687
113, 34, 1.940687
34, 970, 2.012440
970, 34, 2.012440
34, 456, 2.461017
456, 34, 2.461017
34, 946, 3.442479
946, 34, 3.442479
34, 415, 3.959995
415, 34, 3.959995
34, 403, 4.632630
403, 34, 4.632630
34, 652, 5.163612
652, 34, 5.163612
34, 227, 5.818661
227, 34, 5.818661
34, 121, 6.058496
121, 34, 6.058496
35, 149, 3.416966
149, 35, 3.416966
35, 596, 3.495813
596, 35, 3.495813
35, 482, 3.834065
482, 35, 3.834065
35, 845, 3.931832
845, 35, 3.931832
35, 619, 4.256846
619, 35, 4.256846
35, 22, 5.773532
22, 35, 5.773532
35, 105, 5.843900
105, 35, 5.843900
35, 495, 7.192429
495, 35, 7.192429
35, 275, 7.882679
275, 35, 7.882679
35, 655, 7.929431
655, 35, 7.929431
36, 357, 1.219226
357, 36, 1.219226
36, 97, 1.578073
97, 36, 1.578073
36, 850, 1.991674
850, 36, 1.991674
36, 776, 2.572367
776, 36, 2.572367
36, 135, 3.523222
135, 36, 3.523222
36, 732, 3.799287
732, 36, 3.799287
36, 126, 4.092061
126, 36, 4.092061
36, 526, 4.590773
526, 36, 4.590773
36, 609, 4.594880
609, 36, 4.594880
36, 727, 4.959319
727, 36, 4.959319
37, 72, 0.818217
72, 37, 0.818217
37, 711, 1.843425
711, 37, 1.843425
37, 948, 1.871528
948, 37, 1.871528
37, 680, 2.476924
680, 37, 2.476924
37, 171, 3.008349
171, 37, 3.008349
37, 952, 3.430980
952, 37, 3.430980
37, 965, 3.651565
965, 37, 3.651565
37, 441, 3.666957
441, 37, 3.666957
37, 621, 3.813230
621, 37, 3.813230
37, 328, 4.001339
328, 37, 4.001339
38, 508, 2.039247
508, 38, 2.039247
38, 236, 2.555015
236, 38, 2.555015
38, 522, 3.129596
522, 38, 3.129596
38, 491, 4.278856
491, 38, 4.278856
38, 719, 4.512947
719, 38, 4.512947
38, 772, 5.823576
772, 38, 5.823576
38, 561, 5.877605
561, 38, 5.877605
38, 813, 5.913731
813, 38, 5.913731
38, 487, 6.143927
487, 38, 6.143927
38, 193, 6.312203
193, 38, 6.312203
39, 83, 1.120404
83, 39, 1.120404
39, 761, 1.585476
761, 39, 1.585476
39, 605, 1.887320
605, 39, 1.887320
39, 644, 2.189322
644, 39, 2.189322
39, 244, 3.023633
244, 39, 3.023633
39, 114, 3.503105
114, 39, 3.503105
39, 462, 3.627255
462, 39, 3.627255
39, 598, 3.888546
598, 39, 3.888546
39, 124, 5.021070
124, 39, 5.021070
39, 421, 5.550469
421, 39, 5.550469
40, 142, 1.214975
142, 40, 1.214975
40, 144, 2.880697
144, 40, 2.880697
40, 152, 3.678111
152, 40, 3.678111
40, 586, 3.843978
586, 40, 3.843978
40, 545, 4.875687
545, 40, 4.875687
40, 421, 5.097706
421, 40, 5.097706
40, 114, 5.281174
114, 40, 5.281174
40, 436, 5.734430
436, 40, 5.734430
40, 732, 6.018059
732, 40, 6.018059
40, 104, 6.096879
104, 40, 6.096879
41, 363, 1.433711
363, 41, 1.433711
41, 99, 1.841981
99, 41, 1.841981
41, 385, 2.555259
385, 41, 2.555259
41, 531, 2.561171
531, 41, 2.561171
41, 595, 3.239621
595, 41, 3.239621
41, 821, 3.914244
821, 41, 3.914244
41, 550, 4.532311
550, 41, 4.532311
41, 642, 4.650975
642, 41, 4.650975
41, 549, 5.025503
549, 41, 5.025503
41, 842, 5.650179
842, 41, 5.650179
42, 254, 1.667088
254, 42, 1.667088
42, 136, 1.828235
136, 42, 1.828235
42, 77, 2.291528
77, 42, 2.291528
42, 499, 2.436971
499, 42, 2.436971
42, 735, 3.157751
735, 42, 3.157751
42, 319, 3.438511
319, 42, 3.438511
42, 555, 3.850863
555, 42, 3.850863
42, 820, 4.359109
820, 42, 4.359109
42, 525, 5.255109
525, 42, 5.255109
42, 91, 5.262297
91, 42, 5.262297
43, 677, 3.237788
677, 43, 3.237788
43, 944, 3.741572
944, 43, 3.741572
43, 17, 4.073024
17, 43, 4.073024
43, 878, 4.203918
878, 43, 4.203918
43, 193, 4.403718
193, 43, 4.403718
43, 936, 4.481329
936, 43, 4.481329
43, 487, 4.554013
487, 43, 4.554013
43, 637, 5.158446
637, 43, 5.158446
43, 292, 5.322624
292, 43, 5.322624
43, 197, 5.460857
197, 43, 5.460857
44, 810, 3.024911
810, 44, 3.024911
44, 383, 3.153175
383, 44, 3.153175
44, 359, 3.957299
359, 44, 3.957299
44, 991, 4.046553
991, 44, 4.046553
44, 388, 4.218133
388, 44, 4.218133
44, 614, 4.635458
614, 44, 4.635458
44, 828, 5.132676
828, 44, 5.132676
44, 582, 5.188973
582, 44, 5.188973
44, 87, 5.275517
87, 44, 5.275517
44, 276, 5.685446
276, 44, 5.685446
45, 82, 1.410316
82, 45, 1.410316
45, 885, 2.165353
885, 45, 2.165353
45, 733, 2.773246
733, 45, 2.773246
45, 974, 2.786950
974, 45, 2.786950
45, 756, 3.067573
756, 45, 3.067573
45, 572, 3.071770
572, 45, 3.071770
45, 608, 3.318149
608, 45, 3.318149
45, 530, 3.916211
530, 45, 3.916211
45, 623, 4.335177
623, 45, 4.335177
45, 698, 4.352639
698, 45, 4.352639
46, 32, 0.602651
32, 46, 0.602651
46, 79, 1.574302
79, 46, 1.574302
46, 922, 1.658087
922, 46, 1.658087
46, 747, 2.021527
747, 46, 2.021527
46, 100, 2.539994
100, 46, 2.539994
46, 28, 3.427147
28, 46, 3.427147
46, 52, 3.768225
52, 46, 3.768225
46, 166, 3.839055
166, 46, 3.839055
46, 876, 4.168601
876, 46, 4.168601
46, 20, 4.585019
20, 46, 4.585019
47, 574, 1.258726
574, 47, 1.258726
47, 402, 2.501024
402, 47, 2.501024
47, 572, 3.134382
572, 47, 3.134382
47, 115, 3.386738
115, 47, 3.386738
47, 755, 3.952383
755, 47, 3.952383
47, 467, 4.145008
467, 47, 4.145008
47, 756, 4.372030
756, 47, 4.372030
47, 716, 4.383121
716, 47, 4.383121
47, 530, 4.570021
530, 47, 4.570021
47, 968, 4.571715
968, 47, 4.571715
48, 376, 1.170333
376, 48, 1.170333
48, 464, 2.478197
464, 48, 2.478197
48, 119, 2.690179
119, 48, 2.690179
48, 870, 2.916932
870, 48, 2.916932
48, 837, 3.483348
837, 48, 3.483348
48, 792, 3.490944
792, 48, 3.490944
48, 668, 4.019085
668, 48, 4.019085
48, 539, 4.254382
539, 48, 4.254382
48, 600, 4.851219
600, 48, 4.851219
48, 163, 5.299859
163, 48, 5.299859
49, 809, 0.634309
809, 49, 0.634309
49, 401, 1.202338
401, 49, 1.202338
49, 340, 1.960752
340, 49, 1.960752
49, 504, 2.821161
504, 49, 2.821161
49, 92, 3.414983
92, 49, 3.414983
49, 710, 3.809942
710, 49, 3.809942
49, 354, 4.227517
354, 49, 4.227517
49, 960, 4.526004
960, 49, 4.526004
49, 130, 4.702894
130, 49, 4.702894
49, 723, 4.713931
723, 49, 4.713931
50, 263, 1.139360
263, 50, 1.139360
50, 770, 2.033111
770, 50, 2.033111
50, 857, 3.296975
857, 50, 3.296975
50, 214, 3.577721
214, 50, 3.577721
50, 306, 4.594547
306, 50, 4.594547
50, 836, 4.683209
836, 50, 4.683209
50, 444, 4.798024
444, 50, 4.798024
50, 953, 5.107331
953, 50, 5.107331
50, 900, 6.431654
900, 50, 6.431654
50, 883, 6.497001
883, 50, 6.497001
51, 265, 1.373987
265, 51, 1.373987
51, 834, 2.855294
834, 51, 2.855294
51, 700, 3.511921
700, 51, 3.511921
51, 891, 3.578795
891, 51, 3.578795
51, 424, 4.538373
424, 51, 4.538373
51, 292, 5.608310
292, 51, 5.608310
51, 99, 5.727621
99, 51, 5.727621
51, 363, 6.059194
363, 51, 6.059194
51, 595, 6.176644
595, 51, 6.176644
51, 936, 6.237687
936, 51, 6.237687
52, 876, 0.808913
876, 52, 0.808913
52, 166, 2.325808
166, 52, 2.325808
52, 305, 3.111932
305, 52, 3.111932
52, 922, 3.131756
922, 52, 3.131756
52, 748, 3.679281
748, 52, 3.679281
52, 341, 3.700349
341, 52, 3.700349
52, 46, 3.768225
46, 52, 3.768225
52, 32, 3.918452
32, 52, 3.918452
52, 747, 3.937300
747, 52, 3.937300
52, 20, 3.981767
20, 52, 3.981767
53, 211, 2.188564
211, 53, 2.188564
53, 90, 2.864881
90, 53, 2.864881
53, 801, 3.553122
801, 53, 3.553122
53, 963, 3.735791
963, 53, 3.735791
53, 884, 3.965249
884, 53, 3.965249
53, 465, 4.005405
465, 53, 4.005405
53, 398, 4.181013
398, 53, 4.181013
53, 639, 4.228680
639, 53, 4.228680
53, 375, 4.358888
375, 53, 4.358888
53, 540, 4.476199
540, 53, 4.476199
54, 576, 1.363311
576, 54, 1.363311
54, 538, 2.071075
538, 54, 2.071075
54, 686, 2.449358
686, 54, 2.449358
54, 460, 2.909384
460, 54, 2.909384
54, 907, 3.598106
907, 54, 3.598106
54, 581, 3.959201
581, 54, 3.959201
54, 988, 3.994109
988, 54, 3.994109
54, 438, 4.701076
438, 54, 4.701076
54, 731, 5.860019
731, 54, 5.860019
54, 775, 5.964901
775, 54, 5.964901
55, 351, 2.700593
351, 55, 2.700593
55, 889, 2.798594
889, 55, 2.798594
55, 212, 3.238444
212, 55, 3.238444
55, 500, 3.640855
500, 55, 3.640855
55, 331, 3.861493
331, 55, 3.861493
55, 378, 4.925901
378, 55, 4.925901
55, 313, 5.302111
313, 55, 5.302111
55, 159, 5.337188
159, 55, 5.337188
55, 11, 5.790371
11, 55, 5.790371
55, 143, 5.896148
143, 55, 5.896148
56, 762, 2.309926
762, 56, 2.309926
56, 570, 2.724599
570, 56, 2.724599
56, 501, 3.081154
501, 56, 3.081154
56, 455, 4.077055
455, 56, 4.077055
56, 243, 5.007088
243, 56, 5.007088
56, 800, 5.040020
800, 56, 5.040020
56, 952, 5.539440
952, 56, 5.539440
56, 335, 5.642110
335, 56, 5.642110
56, 469, 5.990317
469, 56, 5.990317
56, 328, 6.005931
328, 56, 6.005931
57, 29, 3.256452
29, 57, 3.256452
57, 230, 3.376318
230, 57, 3.376318
57, 127, 3.991947
127, 57, 3.991947
57, 248, 4.124855
248, 57, 4.124855
57, 527, 4.673112
527, 57, 4.673112
57, 730, 4.790083
730, 57, 4.790083
57, 955, 5.465618
955, 57, 5.465618
57, 901, 5.867615
901, 57, 5.867615
57, 281, 5.924176
281, 57, 5.924176
57, 861, 5.953739
861, 57, 5.953739
58, 610, 2.010841
610, 58, 2.010841
58, 584, 2.703589
584, 58, 2.703589
58, 975, 3.226205
975, 58, 3.226205
58, 577, 3.402605
577, 58, 3.402605
58, 715, 3.629138
715, 58, 3.629138
58, 541, 3.975667
541, 58, 3.975667
58, 713, 4.082694
713, 58, 4.082694
58, 692, 4.425186
692, 58, 4.425186
58, 914, 5.566369
914, 58, 5.566369
58, 790, 5.644902
790, 58, 5.644902
59, 914, 1.651594
914, 59, 1.651594
59, 899, 2.821702
899, 59, 2.821702
59, 979, 4.051173
979, 59, 4.051173
59, 681, 4.116998
681, 59, 4.116998
59, 975, 4.189148
975, 59, 4.189148
59, 959, 4.478682
959, 59, 4.478682
59, 703, 4.542787
703, 59, 4.542787
59, 897, 4.668920
897, 59, 4.668920
59, 610, 5.160041
610, 59, 5.160041
59, 584, 5.286395
584, 59, 5.286395
60, 163, 0.572648
163, 60, 0.572648
60, 375, 0.888292
375, 60, 0.888292
60, 465, 2.289045
465, 60, 2.289045
60, 147, 2.693321
147, 60, 2.693321
60, 639, 3.056201
639, 60, 3.056201
60, 457, 3.067032
457, 60, 3.067032
60, 884, 3.404136
884, 60, 3.404136
60, 792, 3.872163
792, 60, 3.872163
60, 870, 4.055553
870, 60, 4.055553
60, 963, 4.255683
963, 60, 4.255683
61, 613, 1.924493
613, 61, 1.924493
61, 653, 2.643023
653, 61, 2.643023
61, 226, 3.220902
226, 61, 3.220902
61, 154, 3.232890
154, 61, 3.232890
61, 463, 3.426431
463, 61, 3.426431
61, 978, 3.430852
978, 61, 3.430852
61, 70, 4.247335
70, 61, 4.247335
61, 203, 4.379167
203, 61, 4.379167
61, 439, 4.512366
439, 61, 4.512366
61, 676, 4.861086
676, 61, 4.861086
62, 431, 2.269476
431, 62, 2.269476
62, 855, 2.562334
855, 62, 2.562334
62, 807, 4.048221
807, 62, 4.048221
62, 418, 4.340123
418, 62, 4.340123
62, 929, 4.517739
929, 62, 4.517739
62, 294, 4.599290
294, 62, 4.599290
62, 559, 4.735587
559, 62, 4.735587
62, 656, 4.783637
656, 62, 4.783637
62, 590, 4.961179
590, 62, 4.961179
62, 697, 4.983058
697, 62, 4.983058
63, 872, 2.732710
872, 63, 2.732710
63, 473, 3.347405
473, 63, 3.347405
63, 178, 4.023389
178, 63, 4.023389
63, 934, 4.416077
934, 63, 4.416077
63, 260, 4.937375
260, 63, 4.937375
63, 221, 5.649496
221, 63, 5.649496
63, 875, 6.887454
875, 63, 6.887454
63, 120, 7.055508
120, 63, 7.055508
63, 327, 7.102376
327, 63, 7.102376
63, 23, 7.138389
23, 63, 7.138389
64, 856, 0.608786
856, 64, 0.608786
64, 790, 1.766842
790, 64, 1.766842
64, 472, 2.112097
472, 64, 2.112097
64, 343, 2.476495
343, 64, 2.476495
64, 918, 3.044815
918, 64, 3.044815
64, 713, 3.253108
713, 64, 3.253108
64, 541, 3.444073
541, 64, 3.444073
64, 707, 4.322705
707, 64, 4.322705
64, 577, 4.426487
577, 64, 4.426487
64, 967, 4.889453
967, 64, 4.889453
65, 835, 1.682985
835, 65, 1.682985
65, 256, 2.739354
256, 65, 2.739354
65, 232, 2.911316
232, 65, 2.911316
65, 966, 3.712952
966, 65, 3.712952
65, 506, 3.766786
506, 65, 3.766786
65, 204, 4.130385
204, 65, 4.130385
65, 836, 4.270178
836, 65, 4.270178
65, 492, 4.317472
492, 65, 4.317472
65, 806, 4.328594
806, 65, 4.328594
65, 778, 4.684780
778, 65, 4.684780
66, 670, 2.090942
670, 66, 2.090942
66, 392, 2.484525
392, 66, 2.484525
66, 111, 3.634834
111, 66, 3.634834
66, 381, 3.644914
381, 66, 3.644914
66, 697, 4.920735
697, 66, 4.920735
66, 612, 5.057852
612, 66, 5.057852
66, 242, 5.468629
242, 66, 5.468629
66, 75, 6.014626
75, 66, 6.014626
66, 807, 6.165103
807, 66, 6.165103
66, 418, 6.292943
418, 66, 6.292943
67, 287, 0.825921
287, 67, 0.825921
67, 796, 1.386330
796, 67, 1.386330
67, 414, 2.079838
414, 67, 2.079838
67, 833, 3.168476
833, 67, 3.168476
67, 937, 3.355387
937, 67, 3.355387
67, 831, 3.458671
831, 67, 3.458671
67, 714, 4.428120
714, 67, 4.428120
67, 939, 4.625795
939, 67, 4.625795
67, 740, 5.901441
740, 67, 5.901441
67, 151, 6.012819
151, 67, 6.012819
68, 722, 0.738002
722, 68, 0.738002
68, 786, 1.242785
786, 68, 1.242785
68, 873, 3.398679
873, 68, 3.398679
68, 731, 3.527835
731, 68, 3.527835
68, 775, 3.921664
775, 68, 3.921664
68, 460, 4.105449
460, 68, 4.105449
68, 532, 4.416001
532, 68, 4.416001
68, 438, 4.661916
438, 68, 4.661916
68, 920, 4.819262
920, 68, 4.819262
68, 573, 5.007619
573, 68, 5.007619
69, 209, 1.545882
209, 69, 1.545882
69, 940, 2.434941
940, 69, 2.434941
69, 427, 2.549561
427, 69, 2.549561
69, 172, 2.840409
172, 69, 2.840409
69, 27, 2.844569
27, 69, 2.844569
69, 133, 2.892023
133, 69, 2.892023
69, 173, 4.728956
173, 69, 4.728956
69, 145, 4.764805
145, 69, 4.764805
69, 781, 5.074590
781, 69, 5.074590
69, 452, 5.238494
452, 69, 5.238494
70, 277, 1.056561
277, 70, 1.056561
70, 463, 1.222948
463, 70, 1.222948
70, 653, 2.515335
653, 70, 2.515335
70, 154, 2.546644
154, 70, 2.546644
70, 253, 2.606495
253, 70, 2.606495
70, 226, 2.711827
226, 70, 2.711827
70, 195, 2.994548
195, 70, 2.994548
70, 613, 3.180935
613, 70, 3.180935
70, 928, 3.557858
928, 70, 3.557858
70, 61, 4.247335
61, 70, 4.247335
71, 439, 1.612987
439, 71, 1.612987
71, 203, 1.911351
203, 71, 1.911351
71, 7, 1.993491
7, 71, 1.993491
71, 87, 2.263008
87, 71, 2.263008
71, 388, 3.916495
388, 71, 3.916495
71, 342, 4.216689
342, 71, 4.216689
71, 618, 5.209827
618, 71, 5.209827
71, 61, 6.003487
61, 71, 6.003487
71, 130, 6.464873
130, 71, 6.464873
71, 445, 6.837763
445, 71, 6.837763
72, 37, 0.818217
37, 72, 0.818217
72, 711, 1.028161
711, 72, 1.028161
72, 680, 2.326128
680, 72, 2.326128
72, 948, 2.609730
948, 72, 2.609730
72, 952, 2.631586
952, 72, 2.631586
72, 441, 2.850056
441, 72, 2.850056
72, 328, 3.187824
328, 72, 3.187824
72, 171, 3.516052
171, 72, 3.516052
72, 965, 4.023045
965, 72, 4.023045
72, 243, 4.303369
243, 72, 4.303369
73, 450, 0.888774
450, 73, 0.888774
73, 709, 1.785940
709, 73, 1.785940
73, 510, 2.034616
510, 73, 2.034616
73, 493, 2.389953
493, 73, 2.389953
73, 474, 2.713294
474, 73, 2.713294
73, 304, 2.795124
304, 73, 2.795124
73, 382, 3.050685
382, 73, 3.050685
73, 234, 3.061504
234, 73, 3.061504
73, 726, 3.106897
726, 73, 3.106897
73, 924, 4.818946
924, 73, 4.818946
74, 380, 1.872964
380, 74, 1.872964
74, 118, 2.390447
118, 74, 2.390447
74, 752, 2.701984
752, 74, 2.701984
74, 840, 2.989059
840, 74, 2.989059
74, 943, 4.787450
943, 74, 4.787450
74, 824, 7.853707
824, 74, 7.853707
74, 617, 7.874381
617, 74, 7.874381
74, 548, 8.390007
548, 74, 8.390007
74, 715, 8.404111
715, 74, 8.404111
74, 349, 8.419992
349, 74, 8.419992
75, 418, 3.445614
418, 75, 3.445614
75, 807, 3.992983
807, 75, 3.992983
75, 697, 4.276062
697, 75, 4.276062
75, 138, 4.615300
138, 75, 4.615300
75, 111, 4.703786
111, 75, 4.703786
75, 670, 5.085102
670, 75, 5.085102
75, 559, 5.354341
559, 75, 5.354341
75, 207, 5.689702
207, 75, 5.689702
75, 431, 5.986111
431, 75, 5.986111
75, 66, 6.014626
66, 75, 6.014626
76, 941, 4.861295
941, 76, 4.861295
76, 548, 6.162425
548, 76, 6.162425
76, 118, 8.425727
118, 76, 8.425727
76, 840, 8.890321
840, 76, 8.890321
76, 694, 8.996294
694, 76, 8.996294
76, 986, 9.174479
986, 76, 9.174479
76, 334, 9.435258
334, 76, 9.435258
76, 452, 9.724437
452, 76, 9.724437
76, 74, 9.847421
74, 76, 9.847421
76, 617, 9.895147
617, 76, 9.895147
77, 499, 0.326696
499, 77, 0.326696
77, 735, 2.169689
735, 77, 2.169689
77, 42, 2.291528
42, 77, 2.291528
77, 91, 3.455051
91, 77, 3.455051
77, 551, 3.800012
551, 77, 3.800012
77, 254, 3.932942
254, 77, 3.932942
77, 136, 4.079534
136, 77, 4.079534
77, 594, 4.351760
594, 77, 4.351760
77, 319, 5.241609
319, 77, 5.241609
77, 820, 5.403393
820, 77, 5.403393
78, 393, 1.093616
393, 78, 1.093616
78, 361, 1.639044
361, 78, 1.639044
78, 344, 2.246929
344, 78, 2.246929
78, 21, 2.786573
21, 78, 2.786573
78, 575, 2.892846
575, 78, 2.892846
78, 395, 3.006618
395, 78, 3.006618
78, 925, 3.553622
925, 78, 3.553622
78, 552, 3.621499
552, 78, 3.621499
78, 656, 3.751347
656, 78, 3.751347
78, 906, 4.071456
906, 78, 4.071456
79, 32, 0.971651
32, 79, 0.971651
79, 46, 1.574302
46, 79, 1.574302
79, 28, 1.898648
28, 79, 1.898648
79, 100, 2.762502
100, 79, 2.762502
79, 922, 3.156680
922, 79, 3.156680
79, 747, 3.595791
747, 79, 3.595791
79, 15, 3.917543
15, 79, 3.917543
79, 52, 4.328593
52, 79, 4.328593
79, 902, 4.742430
902, 79, 4.742430
79, 876, 4.937683
876, 79, 4.937683
80, 369, 1.041560
369, 80, 1.041560
80, 851, 1.041697
851, 80, 1.041697
80, 141, 4.405640
141, 80, 4.405640
80, 706, 5.051267
706, 80, 5.051267
80, 667, 6.886273
667, 80, 6.886273
80, 81, 7.817755
81, 80, 7.817755
80, 882, 8.451198
882, 80, 8.451198
80, 641, 9.089106
641, 80, 9.089106
80, 348, 9.539611
348, 80, 9.539611
80, 916, 10.944739
916, 80, 10.944739
81, 641, 1.848301
641, 81, 1.848301
81, 667, 2.996230
667, 81, 2.996230
81, 916, 3.136184
916, 81, 3.136184
81, 284, 3.954634
284, 81, 3.954634
81, 206, 4.474167
206, 81, 4.474167
81, 184, 4.973867
184, 81, 4.973867
81, 782, 5.390623
782, 81, 5.390623
81, 706, 5.454757
706, 81, 5.454757
81, 440, 5.899939
440, 81, 5.899939
81, 830, 6.369966
830, 81, 6.369966
82, 885, 1.347990
885, 82, 1.347990
82, 45, 1.410316
45, 82, 1.410316
82, 733, 2.336437
733, 82, 2.336437
82, 608, 2.725517
608, 82, 2.725517
82, 974, 3.067150
974, 82, 3.067150
82, 698, 3.415038
698, 82, 3.415038
82, 623, 3.787736
623, 82, 3.787736
82, 756, 4.298390
756, 82, 4.298390
82, 572, 4.396307
572, 82, 4.396307
82, 530, 5.074152
530, 82, 5.074152
83, 39, 1.120404
39, 83, 1.120404
83, 605, 1.700041
605, 83, 1.700041
83, 761, 2.203013
761, 83, 2.203013
83, 644, 2.248943
644, 83, 2.248943
83, 462, 2.840889
462, 83, 2.840889
83, 244, 3.037976
244, 83, 3.037976
83, 598, 3.412843
598, 83, 3.412843
83, 124, 4.504841
124, 83, 4.504841
83, 114, 4.616981
114, 83, 4.616981
83, 993, 4.871738
993, 83, 4.871738
84, 517, 2.153982
517, 84, 2.153982
84, 553, 2.159432
553, 84, 2.159432
84, 905, 2.343850
905, 84, 2.343850
84, 435, 2.836794
435, 84, 2.836794
84, 999, 2.899235
999, 84, 2.899235
84, 825, 3.020788
825, 84, 3.020788
84, 923, 3.389004
923, 84, 3.389004
84, 374, 3.402285
374, 84, 3.402285
84, 476, 4.000629
476, 84, 4.000629
84, 419, 4.733358
419, 84, 4.733358
85, 869, 2.810262
869, 85, 2.810262
85, 480, 3.187582
480, 85, 3.187582
85, 358, 4.189453
358, 85, 4.189453
85, 24, 4.738427
24, 85, 4.738427
85, 257, 5.451539
257, 85, 5.451539
85, 122, 5.702472
122, 85, 5.702472
85, 967, 6.040981
967, 85, 6.040981
85, 687, 6.214131
687, 85, 6.214131
85, 763, 6.606398
763, 85, 6.606398
85, 496, 6.951321
496, 85, 6.951321
86, 991, 1.721984
991, 86, 1.721984
86, 614, 2.417990
614, 86, 2.417990
86, 471, 2.663326
471, 86, 2.663326
86, 18, 3.421565
18, 86, 3.421565
86, 645, 3.999637
645, 86, 3.999637
86, 568, 4.103180
568, 86, 4.103180
86, 865, 4.317826
865, 86, 4.317826
86, 102, 4.364067
102, 86, 4.364067
86, 388, 5.605765
388, 86, 5.605765
86, 44, 5.767271
44, 86, 5.767271
87, 388, 1.682426
388, 87, 1.682426
87, 203, 2.196761
203, 87, 2.196761
87, 71, 2.263008
71, 87, 2.263008
87, 7, 2.404754
7, 87, 2.404754
87, 439, 3.172762
439, 87, 3.172762
87, 614, 4.860032
614, 87, 4.860032
87, 342, 5.148817
342, 87, 5.148817
87, 44, 5.275517
44, 87, 5.275517
87, 991, 6.148042
991, 87, 6.148042
87, 61, 6.395664
61, 87, 6.395664
88, 93, 1.669097
93, 88, 1.669097
88, 202, 2.141702
202, 88, 2.141702
88, 507, 2.666913
507, 88, 2.666913
88, 196, 3.238584
196, 88, 3.238584
88, 920, 3.463269
920, 88, 3.463269
88, 853, 3.521357
853, 88, 3.521357
88, 728, 3.781290
728, 88, 3.781290
88, 873, 4.906072
873, 88, 4.906072
88, 420, 5.541810
420, 88, 5.541810
88, 438, 5.558307
438, 88, 5.558307
89, 693, 0.573594
693, 89, 0.573594
89, 565, 2.724991
565, 89, 2.724991
89, 110, 2.982118
110, 89, 2.982118
89, 181, 3.458551
181, 89, 3.458551
89, 866, 4.246161
866, 89, 4.246161
89, 411, 4.822711
411, 89, 4.822711
89, 283, 5.259749
283, 89, 5.259749
89, 231, 5.377518
231, 89, 5.377518
89, 288, 5.483093
288, 89, 5.483093
89, 420, 6.251959
420, 89, 6.251959
90, 801, 0.947180
801, 90, 0.947180
90, 211, 1.051992
211, 90, 1.051992
90, 317, 2.192531
317, 90, 2.192531
90, 884, 2.794930
884, 90, 2.794930
90, 53, 2.864881
53, 90, 2.864881
90, 540, 2.879205
540, 90, 2.879205
90, 736, 5.222268
736, 90, 5.222268
90, 60, 5.419646
60, 90, 5.419646
90, 375, 5.720861
375, 90, 5.720861
90, 163, 5.954540
163, 90, 5.954540
91, 735, 2.326461
735, 91, 2.326461
91, 352, 2.659344
352, 91, 2.659344
91, 499, 3.147385
499, 91, 3.147385
91, 425, 3.265726
425, 91, 3.265726
91, 77, 3.455051
77, 91, 3.455051
91, 551, 4.759853
551, 91, 4.759853
91, 42, 5.262297
42, 91, 5.262297
91, 515, 5.445579
515, 91, 5.445579
91, 136, 6.671331
136, 91, 6.671331
91, 594, 6.714934
594, 91, 6.714934
92, 710, 0.467259
710, 92, 0.467259
92, 960, 1.572893
960, 92, 1.572893
92, 401, 2.792497
401, 92, 2.792497
92, 809, 2.935889
809, 92, 2.935889
92, 356, 3.102333
356, 92, 3.102333
92, 49, 3.414983
49, 92, 3.414983
92, 504, 3.427156
504, 92, 3.427156
92, 340, 3.434379
340, 92, 3.434379
92, 354, 5.094517
354, 92, 5.094517
92, 632, 5.137208
632, 92, 5.137208
93, 88, 1.669097
88, 93, 1.669097
93, 853, 1.852465
853, 93, 1.852465
93, 920, 2.496723
920, 93, 2.496723
93, 728, 3.613896
728, 93, 3.613896
93, 873, 3.721934
873, 93, 3.721934
93, 202, 3.726076
202, 93, 3.726076
93, 438, 3.916316
438, 93, 3.916316
93, 507, 4.309874
507, 93, 4.309874
93, 196, 4.903152
196, 93, 4.903152
93, 271, 6.167945
271, 93, 6.167945
94, 880, 2.399317
880, 94, 2.399317
94, 858, 2.624644
858, 94, 2.624644
94, 795, 2.841342
795, 94, 2.841342
94, 691, 3.310240
691, 94, 3.310240
94, 832, 3.359465
832, 94, 3.359465
94, 132, 3.522686
132, 94, 3.522686
94, 956, 3.873589
956, 94, 3.873589
94, 185, 4.376146
185, 94, 4.376146
94, 883, 4.878303
883, 94, 4.878303
94, 658, 5.493938
658, 94, 5.493938
95, 177, 1.031173
177, 95, 1.031173
95, 511, 1.977453
511, 95, 1.977453
95, 282, 2.030183
282, 95, 2.030183
95, 838, 2.480409
838, 95, 2.480409
95, 804, 4.215331
804, 95, 4.215331
95, 238, 4.726601
238, 95, 4.726601
95, 784, 5.111001
784, 95, 5.111001
95, 377, 5.449232
377, 95, 5.449232
95, 536, 6.318017
536, 95, 6.318017
95, 687, 6.356496
687, 95, 6.356496
96, 566, 3.178912
566, 96, 3.178912
96, 158, 4.175960
158, 96, 4.175960
96, 52, 4.192056
52, 96, 4.192056
96, 140, 4.513314
140, 96, 4.513314
96, 876, 4.519420
876, 96, 4.519420
96, 459, 4.942640
459, 96, 4.942640
96, 222, 5.557385
222, 96, 5.557385
96, 15, 5.944886
15, 96, 5.944886
96, 305, 6.275912
305, 96, 6.275912
96, 166, 6.307347
166, 96, 6.307347
97, 776, 1.264997
776, 97, 1.264997
97, 850, 1.475360
850, 97, 1.475360
97, 36, 1.578073
36, 97, 1.578073
97, 135, 2.509617
135, 97, 2.509617
97, 126, 2.553250
126, 97, 2.553250
97, 357, 2.706992
357, 97, 2.706992
97, 609, 3.090243
609, 97, 3.090243
97, 732, 4.674026
732, 97, 4.674026
97, 124, 5.568161
124, 97, 5.568161
97, 993, 5.614449
993, 97, 5.614449
98, 285, 1.656555
285, 98, 1.656555
98, 931, 2.380237
931, 98, 2.380237
98, 961, 3.108377
961, 98, 3.108377
98, 8, 3.548140
8, 98, 3.548140
98, 678, 3.700629
678, 98, 3.700629
98, 237, 3.910368
237, 98, 3.910368
98, 887, 5.319875
887, 98, 5.319875
98, 389, 5.597700
389, 98, 5.597700
98, 312, 5.898499
312, 98, 5.898499
98, 217, 5.965969
217, 98, 5.965969
99, 363, 0.644591
363, 99, 0.644591
99, 41, 1.841981
41, 99, 1.841981
99, 531, 2.416105
531, 99, 2.416105
99, 595, 3.093323
595, 99, 3.093323
99, 385, 4.007712
385, 99, 4.007712
99, 700, 4.676559
700, 99, 4.676559
99, 292, 4.932201
292, 99, 4.932201
99, 821, 5.038900
821, 99, 5.038900
99, 424, 5.376934
424, 99, 5.376934
99, 550, 5.666107
550, 99, 5.666107
100, 32, 2.513032
32, 100, 2.513032
100, 46, 2.539994
46, 100, 2.539994
100, 79, 2.762502
79, 100, 2.762502
100, 747, 3.507175
747, 100, 3.507175
100, 922, 3.733056
922, 100, 3.733056
100, 28, 4.297501
28, 100, 4.297501
100, 624, 4.385851
624, 100, 4.385851
100, 628, 4.853695
628, 100, 4.853695
100, 365, 5.151554
365, 100, 5.151554
100, 166, 6.076190
166, 100, 6.076190
101, 660, 3.022592
660, 101, 3.022592
101, 852, 3.784318
852, 101, 3.784318
101, 829, 4.077559
829, 101, 4.077559
101, 864, 4.237495
864, 101, 4.237495
101, 932, 4.382905
932, 101, 4.382905
101, 926, 4.958942
926, 101, 4.958942
101, 410, 5.585362
410, 101, 5.585362
101, 690, 5.993388
690, 101, 5.993388
101, 399, 6.078125
399, 101, 6.078125
101, 892, 6.619856
892, 101, 6.619856
102, 978, 2.897952
978, 102, 2.897952
102, 503, 2.980414
503, 102, 2.980414
102, 865, 3.028260
865, 102, 3.028260
102, 614, 4.041960
614, 102, 4.041960
102, 86, 4.364067
86, 102, 4.364067
102, 226, 4.738359
226, 102, 4.738359
102, 991, 5.327097
991, 102, 5.327097
102, 568, 5.543239
568, 102, 5.543239
102, 61, 6.036386
61, 102, 6.036386
102, 388, 6.040456
388, 102, 6.040456
103, 908, 1.209518
908, 103, 1.209518
103, 219, 3.510611
219, 103, 3.510611
103, 180, 3.806602
180, 103, 3.806602
103, 898, 3.984158
898, 103, 3.984158
103, 554, 4.010714
554, 103, 4.010714
103, 817, 4.563382
817, 103, 4.563382
103, 589, 4.991054
589, 103, 4.991054
103, 910, 5.787483
910, 103, 5.787483
103, 321, 5.810827
321, 103, 5.810827
103, 702, 5.908042
702, 103, 5.908042
104, 421, 2.656775
421, 104, 2.656775
104, 659, 3.303870
659, 104, 3.303870
104, 649, 3.315451
649, 104, 3.315451
104, 114, 4.733399
114, 104, 4.733399
104, 191, 4.912933
191, 104, 4.912933
104, 717, 5.279757
717, 104, 5.279757
104, 40, 6.096879
40, 104, 6.096879
104, 187, 6.108506
187, 104, 6.108506
104, 779, 6.196642
779, 104, 6.196642
104, 972, 6.741353
972, 104, 6.741353
105, 655, 2.747329
655, 105, 2.747329
105, 845, 3.804639
845, 105, 3.804639
105, 596, 4.690267
596, 105, 4.690267
105, 35, 5.843900
35, 105, 5.843900
105, 619, 6.447370
619, 105, 6.447370
105, 149, 7.748146
149, 105, 7.748146
105, 482, 8.138711
482, 105, 8.138711
105, 833, 8.293322
833, 105, 8.293322
105, 982, 8.318522
982, 105, 8.318522
105, 937, 9.473498
937, 105, 9.473498
106, 488, 3.618269
488, 106, 3.618269
106, 521, 3.847274
521, 106, 3.847274
106, 742, 4.188863
742, 106, 4.188863
106, 808, 4.823328
808, 106, 4.823328
106, 871, 5.234694
871, 106, 5.234694
106, 451, 5.556153
451, 106, 5.556153
106, 764, 7.174111
764, 106, 7.174111
106, 705, 7.199621
705, 106, 7.199621
106, 875, 7.538346
875, 106, 7.538346
106, 725, 7.616760
725, 106, 7.616760
107, 562, 0.950370
562, 107, 0.950370
107, 556, 2.754958
556, 107, 2.754958
107, 648, 3.977421
648, 107, 3.977421
107, 490, 4.143013
490, 107, 4.143013
107, 626, 4.888539
626, 107, 4.888539
107, 469, 5.125034
469, 107, 5.125034
107, 535, 5.286900
535, 107, 5.286900
107, 938, 5.319004
938, 107, 5.319004
107, 123, 5.397535
123, 107, 5.397535
107, 646, 5.989400
646, 107, 5.989400
108, 604, 0.677627
604, 108, 0.677627
108, 379, 3.139988
379, 108, 3.139988
108, 326, 3.285996
326, 108, 3.285996
108, 383, 3.445810
383, 108, 3.445810
108, 129, 3.624042
129, 108, 3.624042
108, 461, 3.647202
461, 108, 3.647202
108, 582, 4.387056
582, 108, 4.387056
108, 810, 4.549797
810, 108, 4.549797
108, 828, 5.162345
828, 108, 5.162345
108, 359, 5.209944
359, 108, 5.209944
109, 19, 0.651825
19, 109, 0.651825
109, 443, 1.834916
443, 109, 1.834916
109, 909, 2.316718
909, 109, 2.316718
109, 454, 2.614926
454, 109, 2.614926
109, 689, 3.372718
689, 109, 3.372718
109, 289, 4.673651
289, 109, 4.673651
109, 290, 4.733519
290, 109, 4.733519
109, 673, 4.903119
673, 109, 4.903119
109, 30, 5.601872
30, 109, 5.601872
109, 597, 5.650131
597, 109, 5.650131
110, 866, 1.283976
866, 110, 1.283976
110, 231, 2.448711
231, 110, 2.448711
110, 283, 2.843328
283, 110, 2.843328
110, 89, 2.982118
89, 110, 2.982118
110, 288, 3.228926
288, 110, 3.228926
110, 693, 3.555683
693, 110, 3.555683
110, 565, 3.748719
565, 110, 3.748719
110, 332, 4.121472
332, 110, 4.121472
110, 411, 4.305312
411, 110, 4.305312
110, 311, 4.558003
311, 110, 4.558003
111, 138, 3.529258
138, 111, 3.529258
111, 66, 3.634834
66, 111, 3.634834
111, 670, 4.657876
670, 111, 4.657876
111, 75, 4.703786
75, 111, 4.703786
111, 392, 5.788954
392, 111, 5.788954
111, 697, 6.420137
697, 111, 6.420137
111, 418, 6.921437
418, 111, 6.921437
111, 381, 7.037171
381, 111, 7.037171
111, 807, 7.139223
807, 111, 7.139223
111, 612, 7.922442
612, 111, 7.922442
112, 296, 1.956115
296, 112, 1.956115
112, 157, 2.109996
157, 112, 2.109996
112, 437, 2.819704
437, 112, 2.819704
112, 495, 3.397182
495, 112, 3.397182
112, 198, 5.798959
198, 112, 5.798959
112, 998, 6.673138
