20000
1, 80, 1.611740
80, 1, 1.611740
1, 102, 1.986816
102, 1, 1.986816
1, 392, 3.496190
392, 1, 3.496190
1, 14, 4.204374
14, 1, 4.204374
1, 298, 4.268649
298, 1, 4.268649
1, 369, 4.283985
369, 1, 4.283985
1, 714, 4.655043
714, 1, 4.655043
1, 946, 4.668234
946, 1, 4.668234
1, 589, 5.052380
589, 1, 5.052380
1, 636, 5.118683
636, 1, 5.118683
2, 128, 1.552237
128, 2, 1.552237
2, 768, 2.586783
768, 2, 2.586783
2, 904, 3.026579
904, 2, 3.026579
2, 346, 3.105376
346, 2, 3.105376
2, 440, 7.492045
440, 2, 7.492045
2, 574, 7.534943
574, 2, 7.534943
2, 734, 8.147925
734, 2, 8.147925
2, 242, 8.302600
242, 2, 8.302600
2, 111, 9.233131
111, 2, 9.233131
2, 190, 25.794757
190, 2, 25.794757
3, 615, 0.909405
615, 3, 0.909405
3, 981, 3.483809
981, 3, 3.483809
3, 246, 3.741800
246, 3, 3.741800
3, 365, 4.357972
365, 3, 4.357972
3, 766, 6.475144
766, 3, 6.475144
3, 46, 6.840699
46, 3, 6.840699
3, 734, 7.049587
734, 3, 7.049587
3, 525, 8.374930
525, 3, 8.374930
3, 670, 8.552951
670, 3, 8.552951
3, 649, 9.057391
649, 3, 9.057391
4, 682, 20.508394
682, 4, 20.508394
4, 16, 20.550716
16, 4, 20.550716
4, 646, 12.316985
646, 4, 12.316985
4, 162, 15.689514
162, 4, 15.689514
4, 36, 40.801826
36, 4, 40.801826
4, 616, 18.453390
616, 4, 18.453390
4, 151, 42.856330
151, 4, 42.856330
4, 905, 46.860619
905, 4, 46.860619
4, 528, 21.713811
528, 4, 21.713811
4, 940, 21.974484
940, 4, 21.974484
5, 248, 1.838017
248, 5, 1.838017
5, 813, 2.214887
813, 5, 2.214887
5, 397, 2.349353
397, 5, 2.349353
5, 232, 2.765126
232, 5, 2.765126
5, 852, 3.973958
852, 5, 3.973958
5, 610, 9.373739
610, 5, 9.373739
5, 58, 4.468847
58, 5, 4.468847
5, 116, 4.504555
116, 5, 4.504555
5, 154, 4.933804
154, 5, 4.933804
5, 184, 5.126577
184, 5, 5.126577
6, 589, 1.637211
589, 6, 1.637211
6, 946, 1.772990
946, 6, 1.772990
6, 714, 1.872193
714, 6, 1.872193
6, 102, 4.376618
102, 6, 4.376618
6, 617, 4.614283
617, 6, 4.614283
6, 80, 4.771562
80, 6, 4.771562
6, 79, 5.262600
79, 6, 5.262600
6, 388, 5.318535
388, 6, 5.318535
6, 752, 5.781103
752, 6, 5.781103
6, 1, 6.289434
1, 6, 6.289434
7, 585, 9.228373
585, 7, 9.228373
7, 143, 10.143770
143, 7, 10.143770
7, 283, 26.807717
283, 7, 26.807717
7, 740, 36.132885
740, 7, 36.132885
7, 518, 36.196972
518, 7, 36.196972
7, 667, 16.335720
667, 7, 16.335720
7, 211, 16.676030
211, 7, 16.676030
7, 267, 38.451025
267, 7, 38.451025
7, 90, 19.204616
90, 7, 19.204616
7, 399, 19.433737
399, 7, 19.433737
8, 341, 7.449591
341, 8, 7.449591
8, 860, 19.383893
860, 8, 19.383893
8, 466, 31.077976
466, 8, 31.077976
8, 283, 31.839921
283, 8, 31.839921
8, 506, 33.264148
506, 8, 33.264148
8, 464, 36.214262
464, 8, 36.214262
8, 603, 40.420619
603, 8, 40.420619
8, 143, 48.248869
143, 8, 48.248869
8, 336, 49.164187
336, 8, 49.164187
8, 518, 52.281421
518, 8, 52.281421
9, 553, 1.042022
553, 9, 1.042022
9, 566, 1.348656
566, 9, 1.348656
9, 948, 1.711973
948, 9, 1.711973
9, 687, 1.931489
687, 9, 1.931489
9, 951, 2.051399
951, 9, 2.051399
9, 694, 2.585346
694, 9, 2.585346
9, 86, 3.621558
86, 9, 3.621558
9, 173, 4.244637
173, 9, 4.244637
9, 987, 4.368416
987, 9, 4.368416
9, 728, 4.422084
728, 9, 4.422084
10, 20, 6.062030
20, 10, 6.062030
10, 552, 6.254915
552, 10, 6.254915
10, 221, 10.304151
221, 10, 10.304151
10, 169, 14.494142
169, 10, 14.494142
10, 214, 18.055652
214, 10, 18.055652
10, 163, 8.209211
163, 10, 8.209211
10, 538, 27.392170
538, 10, 27.392170
10, 165, 23.607636
165, 10, 23.607636
10, 550, 12.047130
550, 10, 12.047130
10, 228, 30.074099
228, 10, 30.074099
11, 225, 27.336867
225, 11, 27.336867
11, 459, 34.135691
459, 11, 34.135691
11, 263, 44.197396
263, 11, 44.197396
11, 719, 45.434230
719, 11, 45.434230
11, 972, 46.438122
972, 11, 46.438122
11, 869, 50.873211
869, 11, 50.873211
11, 916, 53.583077
916, 11, 53.583077
11, 461, 57.146057
461, 11, 57.146057
11, 207, 59.116878
207, 11, 59.116878
11, 96, 62.741878
96, 11, 62.741878
12, 787, 14.250287
787, 12, 14.250287
12, 950, 15.671081
950, 12, 15.671081
12, 59, 24.360635
59, 12, 24.360635
12, 471, 18.686844
471, 12, 18.686844
12, 789, 18.832589
789, 12, 18.832589
12, 771, 25.229292
771, 12, 25.229292
12, 319, 27.445379
319, 12, 27.445379
12, 823, 30.368914
823, 12, 30.368914
12, 875, 31.624369
875, 12, 31.624369
12, 187, 45.154582
187, 12, 45.154582
13, 650, 28.068515
650, 13, 28.068515
13, 716, 28.361827
716, 13, 28.361827
13, 170, 33.116439
170, 13, 33.116439
13, 909, 36.369097
909, 13, 36.369097
13, 348, 40.516276
348, 13, 40.516276
13, 360, 43.230580
360, 13, 43.230580
13, 413, 44.422856
413, 13, 44.422856
13, 820, 46.221620
820, 13, 46.221620
13, 175, 46.274142
175, 13, 46.274142
13, 219, 47.147642
219, 13, 47.147642
14, 369, 0.200055
369, 14, 0.200055
14, 636, 1.414179
636, 14, 1.414179
14, 79, 1.992655
79, 14, 1.992655
14, 392, 2.546636
392, 14, 2.546636
14, 256, 3.774076
256, 14, 3.774076
14, 1, 4.204374
1, 14, 4.204374
14, 80, 4.500280
80, 14, 4.500280
14, 102, 4.520376
102, 14, 4.520376
14, 70, 4.747838
70, 14, 4.747838
14, 275, 4.977193
275, 14, 4.977193
15, 269, 3.049378
269, 15, 3.049378
15, 38, 3.072795
38, 15, 3.072795
15, 619, 3.536925
619, 15, 3.536925
15, 197, 6.971940
197, 15, 6.971940
15, 855, 7.724943
855, 15, 7.724943
15, 444, 8.558000
444, 15, 8.558000
15, 595, 10.522422
595, 15, 10.522422
15, 609, 11.270763
609, 15, 11.270763
15, 965, 11.684217
965, 15, 11.684217
15, 372, 11.718514
372, 15, 11.718514
16, 4, 20.550716
4, 16, 20.550716
16, 682, 34.977216
682, 16, 34.977216
16, 89, 19.019595
89, 16, 19.019595
16, 646, 19.652788
646, 16, 19.652788
16, 865, 21.625681
865, 16, 21.625681
16, 162, 24.738006
162, 16, 24.738006
16, 760, 57.361416
760, 16, 57.361416
16, 940, 26.495924
940, 16, 26.495924
16, 528, 26.936325
528, 16, 26.936325
16, 905, 60.324258
905, 16, 60.324258
17, 377, 0.053528
377, 17, 0.053528
17, 514, 1.706922
514, 17, 1.706922
17, 198, 3.494629
198, 17, 3.494629
17, 806, 3.916441
806, 17, 3.916441
17, 945, 4.403993
945, 17, 4.403993
17, 297, 4.918377
297, 17, 4.918377
17, 330, 5.039644
330, 17, 5.039644
17, 191, 5.160333
191, 17, 5.160333
17, 21, 6.192214
21, 17, 6.192214
17, 957, 6.797861
957, 17, 6.797861
18, 125, 1.680811
125, 18, 1.680811
18, 707, 4.224002
707, 18, 4.224002
18, 611, 7.415381
611, 18, 7.415381
18, 976, 7.557743
976, 18, 7.557743
18, 895, 6.360355
895, 18, 6.360355
18, 140, 9.868652
140, 18, 9.868652
18, 598, 7.236427
598, 18, 7.236427
18, 981, 10.452271
981, 18, 10.452271
18, 351, 7.685482
351, 18, 7.685482
18, 123, 7.761081
123, 18, 7.761081
19, 578, 10.761163
578, 19, 10.761163
19, 947, 14.192470
947, 19, 14.192470
19, 949, 18.576560
949, 19, 18.576560
19, 155, 29.030769
155, 19, 29.030769
19, 811, 29.060700
811, 19, 29.060700
19, 802, 33.085823
802, 19, 33.085823
19, 68, 33.668280
68, 19, 33.668280
19, 743, 35.415069
743, 19, 35.415069
19, 65, 39.054842
65, 19, 39.054842
19, 189, 40.515091
189, 19, 40.515091
20, 10, 6.062030
10, 20, 6.062030
20, 169, 10.114345
169, 20, 10.114345
20, 552, 11.136586
552, 20, 11.136586
20, 214, 13.525267
214, 20, 13.525267
20, 221, 13.738748
221, 20, 13.738748
20, 165, 21.025232
165, 20, 21.025232
20, 163, 10.362632
163, 20, 10.362632
20, 538, 34.855998
538, 20, 34.855998
20, 973, 35.452385
973, 20, 35.452385
20, 228, 25.484214
228, 20, 25.484214
21, 114, 1.310986
114, 21, 1.310986
21, 289, 2.311985
289, 21, 2.311985
21, 806, 2.452694
806, 21, 2.452694
21, 268, 2.709260
268, 21, 2.709260
21, 810, 3.691890
810, 21, 3.691890
21, 330, 4.179871
330, 21, 4.179871
21, 908, 5.176066
908, 21, 5.176066
21, 690, 5.211616
690, 21, 5.211616
21, 975, 12.265346
975, 21, 12.265346
21, 191, 5.804490
191, 21, 5.804490
22, 396, 3.248908
396, 22, 3.248908
22, 833, 3.319497
833, 22, 3.319497
22, 748, 4.671351
748, 22, 4.671351
22, 792, 5.561865
792, 22, 5.561865
22, 415, 6.248329
415, 22, 6.248329
22, 579, 6.416111
579, 22, 6.416111
22, 146, 7.455758
146, 22, 7.455758
22, 519, 8.350926
519, 22, 8.350926
22, 449, 9.548971
449, 22, 9.548971
22, 530, 11.063934
530, 22, 11.063934
23, 413, 19.076537
413, 23, 19.076537
23, 596, 22.017842
596, 23, 22.017842
23, 175, 31.556106
175, 23, 31.556106
23, 170, 37.176780
170, 23, 37.176780
23, 820, 39.517335
820, 23, 39.517335
23, 650, 42.875263
650, 23, 42.875263
23, 892, 44.727720
892, 23, 44.727720
23, 548, 44.806479
548, 23, 44.806479
23, 850, 46.925660
850, 23, 46.925660
23, 760, 47.358094
760, 23, 47.358094
24, 562, 14.167318
562, 24, 14.167318
24, 78, 16.500673
78, 24, 16.500673
24, 196, 18.173403
196, 24, 18.173403
24, 261, 19.943362
261, 24, 19.943362
24, 407, 20.527742
407, 24, 20.527742
24, 663, 33.031388
663, 24, 33.031388
24, 919, 39.254260
919, 24, 39.254260
24, 511, 47.757047
511, 24, 47.757047
24, 902, 57.256916
902, 24, 57.256916
24, 921, 57.486725
921, 24, 57.486725
25, 123, 1.489027
123, 25, 1.489027
25, 351, 1.795239
351, 25, 1.795239
25, 895, 2.291241
895, 25, 2.291241
25, 275, 3.601778
275, 25, 3.601778
25, 70, 4.110890
70, 25, 4.110890
25, 256, 4.425367
256, 25, 4.425367
25, 379, 4.868332
379, 25, 4.868332
25, 598, 5.436125
598, 25, 5.436125
25, 588, 7.720906
588, 25, 7.720906
25, 707, 5.885319
707, 25, 5.885319
26, 359, 16.747473
359, 26, 16.747473
26, 286, 18.268482
286, 26, 18.268482
26, 843, 18.582205
843, 26, 18.582205
26, 281, 39.266931
281, 26, 39.266931
26, 370, 40.525172
370, 26, 40.525172
26, 867, 40.772963
867, 26, 40.772963
26, 849, 41.377677
849, 26, 41.377677
26, 236, 46.232177
236, 26, 46.232177
26, 558, 47.993836
558, 26, 47.993836
26, 872, 49.732559
872, 26, 49.732559
27, 856, 0.432494
856, 27, 0.432494
27, 944, 3.993099
944, 27, 3.993099
27, 823, 6.799025
823, 27, 6.799025
27, 658, 3.240135
658, 27, 3.240135
27, 771, 7.645747
771, 27, 7.645747
27, 154, 3.901311
154, 27, 3.901311
27, 116, 4.435483
116, 27, 4.435483
27, 624, 4.845254
624, 27, 4.845254
27, 915, 4.898812
915, 27, 4.898812
27, 950, 11.898916
950, 27, 11.898916
28, 794, 3.805935
794, 28, 3.805935
28, 780, 4.166806
780, 28, 4.166806
28, 906, 4.367905
906, 28, 4.367905
28, 642, 6.629073
642, 28, 6.629073
28, 996, 6.992210
996, 28, 6.992210
28, 788, 7.411019
788, 28, 7.411019
28, 542, 8.135901
542, 28, 8.135901
28, 824, 8.553771
824, 28, 8.553771
28, 601, 8.903756
601, 28, 8.903756
28, 676, 9.412026
676, 28, 9.412026
29, 807, 8.596947
807, 29, 8.596947
29, 892, 9.197899
892, 29, 9.197899
29, 850, 10.141581
850, 29, 10.141581
29, 760, 20.670595
760, 29, 20.670595
29, 255, 22.849333
255, 29, 22.849333
29, 596, 30.518422
596, 29, 30.518422
29, 820, 30.763813
820, 29, 30.763813
29, 548, 37.627150
548, 29, 37.627150
29, 493, 39.927478
493, 29, 39.927478
29, 650, 49.162285
650, 29, 49.162285
30, 1000, 2.388976
1000, 30, 2.388976
30, 476, 3.954887
476, 30, 3.954887
30, 861, 3.966987
861, 30, 3.966987
30, 467, 5.008964
467, 30, 5.008964
30, 69, 5.163886
69, 30, 5.163886
30, 568, 5.298971
568, 30, 5.298971
30, 750, 5.434976
750, 30, 5.434976
30, 180, 5.493986
180, 30, 5.493986
30, 326, 5.849551
326, 30, 5.849551
30, 899, 6.322514
899, 30, 6.322514
31, 76, 10.900666
76, 31, 10.900666
31, 914, 20.979580
914, 31, 20.979580
31, 456, 32.522714
456, 31, 32.522714
31, 960, 37.681615
960, 31, 37.681615
31, 765, 45.975081
765, 31, 45.975081
31, 800, 48.076335
800, 31, 48.076335
31, 156, 51.247158
156, 31, 51.247158
31, 210, 54.686860
210, 31, 54.686860
31, 108, 56.072514
108, 31, 56.072514
31, 202, 56.859203
202, 31, 56.859203
32, 260, 1.590544
260, 32, 1.590544
32, 965, 3.574157
965, 32, 3.574157
32, 721, 7.415014
721, 32, 7.415014
32, 372, 7.774910
372, 32, 7.774910
32, 251, 8.121638
251, 32, 8.121638
32, 284, 8.462075
284, 32, 8.462075
32, 759, 8.753284
759, 32, 8.753284
32, 88, 8.839568
88, 32, 8.839568
32, 405, 9.806867
405, 32, 9.806867
32, 592, 10.666850
592, 32, 10.666850
33, 691, 4.198417
691, 33, 4.198417
33, 436, 4.862727
436, 33, 4.862727
33, 132, 21.701182
132, 33, 21.701182
33, 420, 10.567583
420, 33, 10.567583
33, 534, 27.920953
534, 33, 27.920953
33, 148, 52.665142
148, 33, 52.665142
33, 494, 55.513557
494, 33, 55.513557
33, 64, 55.522320
64, 33, 55.522320
33, 323, 58.192033
323, 33, 58.192033
33, 208, 59.169804
208, 33, 59.169804
34, 110, 4.575933
110, 34, 4.575933
34, 72, 11.186917
72, 34, 11.186917
34, 801, 34.041885
801, 34, 34.041885
34, 230, 37.043414
230, 34, 37.043414
34, 425, 40.028746
425, 34, 40.028746
34, 919, 42.073936
919, 34, 42.073936
34, 200, 46.098320
200, 34, 46.098320
34, 562, 54.659917
562, 34, 54.659917
34, 893, 56.957666
893, 34, 56.957666
34, 142, 57.371127
142, 34, 57.371127
35, 42, 26.904000
42, 35, 26.904000
35, 638, 30.661725
638, 35, 30.661725
35, 569, 57.886208
569, 35, 57.886208
35, 527, 59.463407
527, 35, 59.463407
35, 285, 59.774099
285, 35, 59.774099
35, 103, 62.632343
103, 35, 62.632343
35, 171, 64.398843
171, 35, 64.398843
35, 334, 67.562922
334, 35, 67.562922
35, 65, 69.069844
65, 35, 69.069844
35, 204, 73.356607
204, 35, 73.356607
36, 151, 4.408493
151, 36, 4.408493
36, 162, 3.484489
162, 36, 3.484489
36, 616, 6.292380
616, 36, 6.292380
36, 646, 12.661042
646, 36, 12.661042
36, 188, 35.900286
188, 36, 35.900286
36, 682, 38.133633
682, 36, 38.133633
36, 846, 17.566625
846, 36, 17.566625
36, 983, 40.208364
983, 36, 40.208364
36, 4, 40.801826
4, 36, 40.801826
36, 982, 18.356386
982, 36, 18.356386
37, 481, 5.651005
481, 37, 5.651005
37, 442, 6.230471
442, 37, 6.230471
37, 793, 7.776984
793, 37, 7.776984
37, 643, 8.995095
643, 37, 8.995095
37, 449, 9.129762
449, 37, 9.129762
37, 792, 10.059364
792, 37, 10.059364
37, 415, 11.239166
415, 37, 11.239166
37, 833, 12.524920
833, 37, 12.524920
37, 579, 12.936794
579, 37, 12.936794
37, 519, 13.092516
519, 37, 13.092516
38, 15, 3.072795
15, 38, 3.072795
38, 619, 4.253165
619, 38, 4.253165
38, 197, 5.075616
197, 38, 5.075616
38, 269, 5.377864
269, 38, 5.377864
38, 444, 7.167969
444, 38, 7.167969
38, 855, 8.221096
855, 38, 8.221096
38, 609, 9.959247
609, 38, 9.959247
38, 595, 11.657756
595, 38, 11.657756
38, 310, 12.879487
310, 38, 12.879487
38, 331, 9.491226
331, 38, 9.491226
39, 45, 2.951197
45, 39, 2.951197
39, 234, 4.135754
234, 39, 4.135754
39, 324, 5.516670
324, 39, 5.516670
39, 667, 6.890572
667, 39, 6.890572
39, 90, 7.142822
90, 39, 7.142822
39, 373, 7.656835
373, 39, 7.656835
39, 211, 7.725605
211, 39, 7.725605
39, 302, 10.242873
302, 39, 10.242873
39, 836, 10.670293
836, 39, 10.670293
39, 713, 11.006361
713, 39, 11.006361
40, 921, 10.700732
921, 40, 10.700732
40, 513, 31.270564
513, 40, 31.270564
40, 818, 31.820345
818, 40, 31.820345
40, 665, 37.009967
665, 40, 37.009967
40, 113, 37.325298
113, 40, 37.325298
40, 266, 44.785156
266, 40, 44.785156
40, 216, 47.654983
216, 40, 47.654983
40, 504, 52.361865
504, 40, 52.361865
40, 919, 55.029845
919, 40, 55.029845
40, 672, 55.425874
672, 40, 55.425874
41, 438, 1.930751
438, 41, 1.930751
41, 363, 2.700584
363, 41, 2.700584
41, 503, 3.740663
503, 41, 3.740663
41, 767, 5.575706
767, 41, 5.575706
41, 460, 6.190438
460, 41, 6.190438
41, 140, 8.895865
140, 41, 8.895865
41, 649, 9.052836
649, 41, 9.052836
41, 588, 10.052796
588, 41, 10.052796
41, 620, 11.663248
620, 41, 11.663248
41, 410, 12.056923
410, 41, 12.056923
42, 638, 18.684923
638, 42, 18.684923
42, 35, 26.904000
35, 42, 26.904000
42, 103, 41.881095
103, 42, 41.881095
42, 897, 60.473656
897, 42, 60.473656
42, 569, 61.850796
569, 42, 61.850796
42, 278, 66.482793
278, 42, 66.482793
42, 980, 70.208190
980, 42, 70.208190
42, 527, 71.299101
527, 42, 71.299101
42, 171, 76.435581
171, 42, 76.435581
42, 804, 82.516783
804, 42, 82.516783
43, 480, 2.378365
480, 43, 2.378365
43, 710, 2.771331
710, 43, 2.771331
43, 469, 3.291407
469, 43, 3.291407
43, 443, 3.302922
443, 43, 3.302922
43, 828, 4.361096
828, 43, 4.361096
43, 537, 10.380387
537, 43, 10.380387
43, 177, 4.728031
177, 43, 4.728031
43, 925, 5.907508
925, 43, 5.907508
43, 987, 6.016901
987, 43, 6.016901
43, 380, 13.506452
380, 43, 13.506452
44, 891, 2.150557
891, 44, 2.150557
44, 516, 4.009090
516, 44, 4.009090
44, 645, 4.347123
645, 44, 4.347123
44, 848, 4.514421
848, 44, 4.514421
44, 679, 4.904119
679, 44, 4.904119
44, 277, 16.050154
277, 44, 16.050154
44, 613, 5.360471
613, 44, 5.360471
44, 882, 8.016563
882, 44, 8.016563
44, 192, 8.659412
192, 44, 8.659412
44, 135, 6.213686
135, 44, 6.213686
45, 39, 2.951197
39, 45, 2.951197
45, 373, 4.753522
373, 45, 4.753522
45, 211, 6.510363
211, 45, 6.510363
45, 667, 6.666137
667, 45, 6.666137
45, 234, 7.050021
234, 45, 7.050021
45, 90, 8.364309
90, 45, 8.364309
45, 324, 8.434214
324, 45, 8.434214
45, 836, 8.559868
836, 45, 8.559868
45, 713, 9.071778
713, 45, 9.071778
45, 683, 10.944215
683, 45, 10.944215
46, 766, 1.098905
766, 46, 1.098905
46, 246, 3.134886
246, 46, 3.134886
46, 670, 4.946541
670, 46, 4.946541
46, 525, 6.380157
525, 46, 6.380157
46, 3, 6.840699
3, 46, 6.840699
46, 615, 7.339806
615, 46, 7.339806
46, 734, 8.229582
734, 46, 8.229582
46, 465, 8.337130
465, 46, 8.337130
46, 981, 9.499554
981, 46, 9.499554
46, 543, 9.767480
543, 46, 9.767480
47, 934, 1.511898
934, 47, 1.511898
47, 689, 2.748889
689, 47, 2.748889
47, 509, 3.179219
509, 47, 3.179219
47, 291, 3.329451
291, 47, 3.329451
47, 952, 3.902389
952, 47, 3.902389
47, 165, 9.301551
165, 47, 9.301551
47, 837, 4.835689
837, 47, 4.835689
47, 550, 5.041500
550, 47, 5.041500
47, 854, 5.236344
854, 47, 5.236344
47, 521, 5.567434
521, 47, 5.567434
48, 657, 4.374723
657, 48, 4.374723
48, 505, 4.517640
505, 48, 4.517640
48, 409, 5.530187
409, 48, 5.530187
48, 737, 5.808889
737, 48, 5.808889
48, 769, 5.920651
769, 48, 5.920651
48, 573, 13.471853
573, 48, 13.471853
48, 92, 14.198197
92, 48, 14.198197
48, 335, 14.748395
335, 48, 14.748395
48, 908, 7.993382
908, 48, 7.993382
48, 473, 8.090483
473, 48, 8.090483
49, 729, 12.294037
729, 49, 12.294037
49, 776, 9.349556
776, 49, 9.349556
49, 576, 21.153792
576, 49, 21.153792
49, 262, 21.455308
262, 49, 21.455308
49, 708, 24.392258
708, 49, 24.392258
49, 656, 24.473089
656, 49, 24.473089
49, 435, 25.582927
435, 49, 25.582927
49, 733, 11.952508
733, 49, 11.952508
49, 374, 26.890239
374, 49, 26.890239
49, 784, 27.057479
784, 49, 27.057479
50, 430, 3.302248
430, 50, 3.302248
50, 391, 5.052083
391, 50, 5.052083
50, 282, 7.583945
282, 50, 7.583945
50, 421, 9.180484
421, 50, 9.180484
50, 446, 9.597128
446, 50, 9.597128
50, 310, 10.387285
310, 50, 10.387285
50, 331, 8.081530
331, 50, 8.081530
50, 609, 11.656188
609, 50, 11.656188
50, 940, 11.707844
940, 50, 11.707844
50, 157, 8.509974
157, 50, 8.509974
51, 536, 1.797407
536, 51, 1.797407
51, 671, 3.825169
671, 51, 3.825169
51, 637, 4.479467
637, 51, 4.479467
51, 826, 7.073209
826, 51, 7.073209
51, 724, 9.216937
724, 51, 9.216937
51, 937, 12.019228
937, 51, 12.019228
51, 871, 12.890050
871, 51, 12.890050
51, 353, 13.119908
353, 51, 13.119908
51, 422, 13.335319
422, 51, 13.335319
51, 582, 13.349975
582, 51, 13.349975
52, 161, 1.214600
161, 52, 1.214600
52, 678, 16.099011
678, 52, 16.099011
52, 555, 22.289217
555, 52, 22.289217
52, 580, 43.724329
580, 52, 43.724329
52, 960, 52.683062
960, 52, 52.683062
52, 343, 55.206155
343, 52, 55.206155
52, 938, 60.544268
938, 52, 60.544268
52, 202, 62.551783
202, 52, 62.551783
52, 765, 66.105241
765, 52, 66.105241
52, 531, 71.537393
531, 52, 71.537393
53, 309, 0.530793
309, 53, 0.530793
53, 851, 2.387913
851, 53, 2.387913
53, 825, 3.989839
825, 53, 3.989839
53, 63, 4.577220
63, 53, 4.577220
53, 182, 5.410039
182, 53, 5.410039
53, 67, 5.597767
67, 53, 5.597767
53, 160, 5.781434
160, 53, 5.781434
53, 831, 5.894601
831, 53, 5.894601
53, 681, 6.828079
681, 53, 6.828079
53, 487, 6.878027
487, 53, 6.878027
54, 129, 15.334550
129, 54, 15.334550
54, 301, 19.154343
301, 54, 19.154343
54, 686, 29.749212
686, 54, 29.749212
54, 212, 30.577856
212, 54, 30.577856
54, 577, 34.380760
577, 54, 34.380760
54, 299, 34.490242
299, 54, 34.490242
54, 929, 44.543702
929, 54, 44.543702
54, 885, 45.861800
885, 54, 45.861800
54, 693, 51.713426
693, 54, 51.713426
54, 809, 52.372869
809, 54, 52.372869
55, 519, 4.866145
519, 55, 4.866145
55, 449, 6.536997
449, 55, 6.536997
55, 146, 6.979051
146, 55, 6.979051
55, 387, 8.332602
387, 55, 8.332602
55, 792, 10.140432
792, 55, 10.140432
55, 481, 10.154269
481, 55, 10.154269
55, 833, 10.509993
833, 55, 10.509993
55, 793, 10.578225
793, 55, 10.578225
55, 101, 10.721889
101, 55, 10.721889
55, 22, 13.178028
22, 55, 13.178028
56, 522, 8.146948
522, 56, 8.146948
56, 774, 8.341045
774, 56, 8.341045
56, 917, 11.594468
917, 56, 11.594468
56, 731, 21.659174
731, 56, 21.659174
56, 94, 22.374659
94, 56, 22.374659
56, 887, 26.029740
887, 56, 26.029740
56, 933, 21.445675
933, 56, 21.445675
56, 979, 21.738627
979, 56, 21.738627
56, 968, 23.088718
968, 56, 23.088718
56, 661, 32.937479
661, 56, 32.937479
57, 673, 7.976142
673, 57, 7.976142
57, 857, 8.258374
857, 57, 8.258374
57, 968, 9.201266
968, 57, 9.201266
57, 355, 10.617958
355, 57, 10.617958
57, 979, 12.260017
979, 57, 12.260017
57, 777, 13.598351
777, 57, 13.598351
57, 819, 17.372068
819, 57, 17.372068
57, 347, 22.383872
347, 57, 22.383872
57, 602, 24.238615
602, 57, 24.238615
57, 774, 24.407665
774, 57, 24.407665
58, 725, 3.629608
725, 58, 3.629608
58, 184, 3.676908
184, 58, 3.676908
58, 813, 4.100307
813, 58, 4.100307
58, 5, 4.468847
5, 58, 4.468847
58, 890, 5.078030
890, 58, 5.078030
58, 248, 6.064251
248, 58, 6.064251
58, 397, 6.521138
397, 58, 6.521138
58, 232, 6.722814
232, 58, 6.722814
58, 116, 6.855303
116, 58, 6.855303
58, 604, 6.996223
604, 58, 6.996223
59, 877, 32.110727
877, 59, 32.110727
59, 12, 24.360635
12, 59, 24.360635
59, 985, 42.328012
985, 59, 42.328012
59, 187, 42.883657
187, 59, 42.883657
59, 746, 48.205931
746, 59, 48.205931
59, 296, 50.360384
296, 59, 50.360384
59, 471, 36.661039
471, 59, 36.661039
59, 770, 53.290683
770, 59, 53.290683
59, 789, 40.893856
789, 59, 40.893856
59, 787, 44.493538
787, 59, 44.493538
60, 755, 29.917706
755, 60, 29.917706
60, 292, 35.952169
292, 60, 35.952169
60, 884, 38.113878
884, 60, 38.113878
60, 99, 40.375338
99, 60, 40.375338
60, 918, 46.590668
918, 60, 46.590668
60, 222, 49.471567
222, 60, 49.471567
60, 783, 51.642815
783, 60, 51.642815
60, 941, 57.482177
941, 60, 57.482177
60, 901, 66.282710
901, 60, 66.282710
60, 371, 66.476546
371, 60, 66.476546
61, 709, 10.632327
709, 61, 10.632327
61, 350, 25.109012
350, 61, 25.109012
61, 703, 30.673523
703, 61, 30.673523
61, 342, 34.294231
342, 61, 34.294231
61, 188, 38.479624
188, 61, 38.479624
61, 328, 42.729564
328, 61, 42.729564
61, 827, 43.875236
827, 61, 43.875236
61, 742, 45.209527
742, 61, 45.209527
61, 122, 45.900106
122, 61, 45.900106
61, 983, 46.129467
983, 61, 46.129467
62, 529, 13.914078
529, 62, 13.914078
62, 775, 24.018998
775, 62, 24.018998
62, 546, 46.902613
546, 62, 46.902613
62, 926, 52.841246
926, 62, 52.841246
62, 599, 58.061133
599, 62, 58.061133
62, 474, 59.968673
474, 62, 59.968673
62, 77, 60.092734
77, 62, 60.092734
62, 97, 60.283857
97, 62, 60.283857
62, 99, 60.724167
99, 62, 60.724167
62, 222, 62.107202
222, 62, 62.107202
63, 831, 1.964831
831, 63, 1.964831
63, 67, 1.999268
67, 63, 1.999268
63, 920, 3.422920
920, 63, 3.422920
63, 655, 3.481624
655, 63, 3.481624
63, 681, 3.881741
681, 63, 3.881741
63, 160, 4.462263
160, 63, 4.462263
63, 53, 4.577220
53, 63, 4.577220
63, 851, 4.804123
851, 63, 4.804123
63, 309, 4.924124
309, 63, 4.924124
63, 711, 4.925905
711, 63, 4.925905
64, 534, 33.918071
534, 64, 33.918071
64, 988, 19.561857
988, 64, 19.561857
64, 33, 55.522320
33, 64, 55.522320
64, 691, 55.896737
691, 64, 55.896737
64, 293, 25.966601
293, 64, 25.966601
64, 436, 58.374312
436, 64, 58.374312
64, 420, 28.940037
420, 64, 28.940037
64, 132, 68.453120
132, 64, 68.453120
64, 490, 31.462516
490, 64, 31.462516
64, 131, 32.662373
131, 64, 32.662373
65, 811, 13.272991
811, 65, 13.272991
65, 285, 15.938186
285, 65, 15.938186
65, 853, 34.021800
853, 65, 34.021800
65, 949, 36.505129
949, 65, 36.505129
65, 947, 37.311520
947, 65, 37.311520
65, 19, 39.054842
19, 65, 39.054842
65, 215, 39.319331
215, 65, 39.319331
65, 155, 39.468353
155, 65, 39.468353
65, 802, 44.920494
802, 65, 44.920494
65, 204, 45.396010
204, 65, 45.396010
66, 414, 8.362272
414, 66, 8.362272
66, 978, 19.702876
978, 66, 19.702876
66, 340, 21.004652
340, 66, 21.004652
66, 117, 27.107369
117, 66, 27.107369
66, 455, 31.127549
455, 66, 31.127549
66, 758, 31.203373
758, 66, 31.203373
66, 401, 32.718395
401, 66, 32.718395
66, 770, 36.227449
770, 66, 36.227449
66, 122, 36.794718
122, 66, 36.794718
66, 863, 38.614019
863, 66, 38.614019
67, 920, 1.569732
920, 67, 1.569732
67, 655, 1.605099
655, 67, 1.605099
67, 63, 1.999268
63, 67, 1.999268
67, 160, 2.932792
160, 67, 2.932792
67, 831, 3.532828
831, 67, 3.532828
67, 681, 5.597454
681, 67, 5.597454
67, 53, 5.597767
53, 67, 5.597767
67, 235, 5.674532
235, 67, 5.674532
67, 309, 5.790554
309, 67, 5.790554
67, 477, 5.884921
477, 67, 5.884921
68, 578, 25.134644
578, 68, 25.134644
68, 479, 25.558707
479, 68, 25.558707
68, 808, 28.362830
808, 68, 28.362830
68, 19, 33.668280
19, 68, 33.668280
68, 254, 38.720770
254, 68, 38.720770
68, 696, 38.870613
696, 68, 38.870613
68, 189, 40.368424
189, 68, 40.368424
68, 743, 41.854800
743, 68, 41.854800
68, 155, 43.603990
155, 68, 43.603990
68, 947, 44.251564
947, 68, 44.251564
69, 722, 2.214395
722, 69, 2.214395
69, 551, 2.741195
551, 69, 2.741195
69, 1000, 3.644667
1000, 69, 3.644667
69, 861, 4.242776
861, 69, 4.242776
69, 30, 5.163886
30, 69, 5.163886
69, 639, 5.268573
639, 69, 5.268573
69, 237, 5.623742
237, 69, 5.623742
69, 180, 7.302756
180, 69, 7.302756
69, 218, 7.309977
218, 69, 7.309977
69, 476, 7.816912
476, 69, 7.816912
70, 256, 1.168714
256, 70, 1.168714
70, 636, 3.374724
636, 70, 3.374724
70, 275, 3.569136
275, 70, 3.569136
70, 612, 4.024805
612, 70, 4.024805
70, 25, 4.110890
25, 70, 4.110890
70, 14, 4.747838
14, 70, 4.747838
70, 369, 4.829186
369, 70, 4.829186
70, 392, 4.931929
392, 70, 4.931929
70, 123, 5.263046
123, 70, 5.263046
70, 379, 5.688448
379, 70, 5.688448
71, 325, 15.478762
325, 71, 15.478762
71, 744, 18.972349
744, 71, 18.972349
71, 424, 20.368737
424, 71, 20.368737
71, 97, 22.574361
97, 71, 22.574361
71, 561, 22.998750
561, 71, 22.998750
71, 599, 26.409460
599, 71, 26.409460
71, 749, 27.435619
749, 71, 27.435619
71, 385, 28.251621
385, 71, 28.251621
71, 700, 30.940926
700, 71, 30.940926
71, 134, 31.096480
134, 71, 31.096480
72, 110, 6.612747
110, 72, 6.612747
72, 34, 11.186917
34, 72, 11.186917
72, 230, 30.393005
230, 72, 30.393005
72, 425, 33.182392
425, 72, 33.182392
72, 801, 38.359375
801, 72, 38.359375
72, 200, 39.300145
200, 72, 39.300145
72, 919, 44.288236
919, 72, 44.288236
72, 893, 47.310012
893, 72, 47.310012
72, 504, 55.077168
504, 72, 55.077168
72, 314, 56.221333
314, 72, 56.221333
73, 869, 23.285984
869, 73, 23.285984
73, 918, 24.777764
918, 73, 24.777764
73, 496, 34.487478
496, 73, 34.487478
73, 941, 40.623208
941, 73, 40.623208
73, 354, 42.242442
354, 73, 42.242442
73, 755, 46.324045
755, 73, 46.324045
73, 164, 49.507674
164, 73, 49.507674
73, 292, 51.470205
292, 73, 51.470205
73, 953, 55.969070
953, 73, 55.969070
73, 431, 56.035089
431, 73, 56.035089
74, 512, 4.564600
512, 74, 4.564600
74, 395, 9.706685
395, 74, 9.706685
74, 723, 10.752557
723, 74, 10.752557
74, 101, 11.073361
101, 74, 11.073361
74, 835, 12.662530
835, 74, 12.662530
74, 844, 12.854756
844, 74, 12.854756
74, 303, 14.125274
303, 74, 14.125274
74, 764, 14.470152
764, 74, 14.470152
74, 452, 17.223680
452, 74, 17.223680
74, 724, 18.216452
724, 74, 18.216452
75, 582, 2.508803
582, 75, 2.508803
75, 353, 2.643312
353, 75, 2.643312
75, 791, 3.546726
791, 75, 3.546726
75, 630, 3.684899
630, 75, 3.684899
75, 194, 3.899389
194, 75, 3.899389
75, 781, 4.292347
781, 75, 4.292347
75, 993, 4.981581
993, 75, 4.981581
75, 276, 5.207244
276, 75, 5.207244
75, 883, 5.531553
883, 75, 5.531553
75, 491, 5.665419
491, 75, 5.665419
76, 31, 10.900666
31, 76, 10.900666
76, 914, 14.629174
914, 76, 14.629174
76, 960, 26.878312
960, 76, 26.878312
76, 765, 39.726112
765, 76, 39.726112
76, 456, 43.378095
456, 76, 43.378095
76, 202, 50.191730
202, 76, 50.191730
76, 156, 50.429830
156, 76, 50.429830
76, 800, 53.535911
800, 76, 53.535911
76, 210, 54.180119
210, 76, 54.180119
76, 580, 62.696267
580, 76, 62.696267
77, 385, 16.674371
385, 77, 16.674371
77, 599, 18.756422
599, 77, 18.756422
77, 134, 20.340982
134, 77, 20.340982
77, 97, 22.369216
97, 77, 22.369216
77, 424, 35.236163
424, 77, 35.236163
77, 325, 40.170625
325, 77, 40.170625
77, 71, 41.776328
71, 77, 41.776328
77, 700, 48.899508
700, 77, 48.899508
77, 270, 49.938137
270, 77, 49.938137
77, 93, 55.542241
93, 77, 55.542241
78, 24, 16.500673
24, 78, 16.500673
78, 663, 23.028624
663, 78, 23.028624
78, 562, 29.926096
562, 78, 29.926096
78, 196, 31.902996
196, 78, 31.902996
78, 261, 34.008431
261, 78, 34.008431
78, 407, 34.123013
407, 78, 34.123013
78, 902, 41.148189
902, 78, 41.148189
78, 919, 47.852117
919, 78, 47.852117
78, 665, 49.290016
665, 78, 49.290016
78, 921, 50.911848
921, 78, 50.911848
79, 369, 1.792757
369, 79, 1.792757
79, 14, 1.992655
14, 79, 1.992655
79, 636, 2.998030
636, 79, 2.998030
79, 617, 3.436660
617, 79, 3.436660
79, 392, 4.523832
392, 79, 4.523832
79, 102, 4.887328
102, 79, 4.887328
79, 752, 4.975626
752, 79, 4.975626
79, 80, 5.027576
80, 79, 5.027576
79, 256, 5.061770
256, 79, 5.061770
79, 946, 5.087386
946, 79, 5.087386
80, 102, 0.395259
102, 80, 0.395259
80, 1, 1.611740
1, 80, 1.611740
80, 714, 3.063383
714, 80, 3.063383
80, 946, 3.089479
946, 80, 3.089479
80, 589, 3.453987
589, 80, 3.453987
80, 14, 4.500280
14, 80, 4.500280
80, 369, 4.508974
369, 80, 4.508974
80, 392, 4.649876
392, 80, 4.649876
80, 6, 4.771562
6, 80, 4.771562
80, 79, 5.027576
79, 80, 5.027576
81, 233, 6.857632
233, 81, 6.857632
81, 544, 9.189529
544, 81, 9.189529
81, 515, 12.445172
515, 81, 12.445172
81, 364, 15.660686
364, 81, 15.660686
81, 974, 16.870398
974, 81, 16.870398
81, 121, 22.900189
121, 81, 22.900189
81, 118, 23.986215
118, 81, 23.986215
81, 105, 27.800703
105, 81, 27.800703
81, 138, 29.360008
138, 81, 29.360008
81, 262, 29.690933
262, 81, 29.690933
82, 329, 15.250188
329, 82, 15.250188
82, 281, 18.396253
281, 82, 18.396253
82, 847, 18.594870
847, 82, 18.594870
82, 249, 26.801385
249, 82, 26.801385
82, 815, 34.937389
815, 82, 34.937389
82, 805, 35.914502
805, 82, 35.914502
82, 124, 43.011928
124, 82, 43.011928
82, 867, 44.305642
867, 82, 44.305642
82, 591, 46.882092
591, 82, 46.882092
82, 845, 47.185623
845, 82, 47.185623
83, 660, 11.501151
660, 83, 11.501151
83, 231, 9.739420
231, 83, 9.739420
83, 320, 23.524593
320, 83, 23.524593
83, 322, 12.712301
322, 83, 12.712301
83, 106, 33.430232
106, 83, 33.430232
83, 564, 16.581384
564, 83, 16.581384
83, 400, 42.033745
400, 83, 42.033745
83, 606, 21.447427
606, 83, 21.447427
83, 698, 48.443613
698, 83, 48.443613
83, 349, 26.808262
349, 83, 26.808262
84, 209, 3.379822
209, 84, 3.379822
84, 936, 3.982427
936, 84, 3.982427
84, 697, 8.652921
697, 84, 8.652921
84, 862, 8.835666
862, 84, 8.835666
84, 997, 9.829457
997, 84, 9.829457
84, 964, 11.393959
964, 84, 11.393959
84, 224, 14.277514
224, 84, 14.277514
84, 594, 14.995788
594, 84, 14.995788
84, 726, 15.166076
726, 84, 15.166076
84, 85, 16.315382
85, 84, 16.315382
85, 594, 1.771151
594, 85, 1.771151
85, 726, 2.254169
726, 85, 2.254169
85, 556, 3.246965
556, 85, 3.246965
85, 924, 6.104300
924, 85, 6.104300
85, 730, 6.964503
730, 85, 6.964503
85, 495, 10.530253
495, 85, 10.530253
85, 643, 10.723704
643, 85, 10.723704
85, 457, 12.027367
457, 85, 12.027367
85, 571, 14.551073
571, 85, 14.551073
85, 572, 16.268403
572, 85, 16.268403
86, 728, 1.383550
728, 86, 1.383550
86, 948, 1.991905
948, 86, 1.991905
86, 954, 2.327451
954, 86, 2.327451
86, 497, 2.549154
497, 86, 2.549154
86, 566, 2.679883
566, 86, 2.679883
86, 553, 2.983114
553, 86, 2.983114
86, 903, 3.026136
903, 86, 3.026136
86, 402, 3.429393
402, 86, 3.429393
86, 9, 3.621558
9, 86, 3.621558
86, 173, 4.196361
173, 86, 4.196361
87, 966, 4.723015
966, 87, 4.723015
87, 802, 12.159429
802, 87, 12.159429
87, 956, 12.806621
956, 87, 12.806621
87, 265, 15.036784
265, 87, 15.036784
87, 949, 25.191890
949, 87, 25.191890
87, 743, 25.888364
743, 87, 25.888364
87, 947, 28.260229
947, 87, 28.260229
87, 332, 32.463701
332, 87, 32.463701
87, 19, 41.438395
19, 87, 41.438395
87, 527, 45.802836
527, 87, 45.802836
88, 721, 1.424564
721, 88, 1.424564
88, 405, 3.519207
405, 88, 3.519207
88, 478, 7.124559
478, 88, 7.124559
88, 251, 7.379193
251, 88, 7.379193
88, 592, 8.028875
592, 88, 8.028875
88, 32, 8.839568
32, 88, 8.839568
88, 139, 8.903246
139, 88, 8.903246
88, 273, 9.155387
273, 88, 9.155387
88, 932, 9.770576
932, 88, 9.770576
88, 260, 10.389758
260, 88, 10.389758
89, 865, 4.091078
865, 89, 4.091078
89, 548, 11.585468
548, 89, 11.585468
89, 760, 14.273819
760, 89, 14.273819
89, 104, 6.953259
104, 89, 6.953259
89, 593, 8.059582
593, 89, 8.059582
89, 16, 19.019595
16, 89, 19.019595
89, 807, 19.212104
807, 89, 19.212104
89, 984, 9.106826
984, 89, 9.106826
89, 29, 22.314418
29, 89, 22.314418
89, 892, 24.428118
892, 89, 24.428118
90, 667, 3.739475
667, 90, 3.739475
90, 399, 5.779903
399, 90, 5.779903
90, 211, 6.167883
211, 90, 6.167883
90, 234, 6.503962
234, 90, 6.503962
90, 585, 15.953787
585, 90, 15.953787
90, 39, 7.142822
39, 90, 7.142822
90, 45, 8.364309
45, 90, 8.364309
90, 7, 19.204616
7, 90, 19.204616
90, 324, 8.768605
324, 90, 8.768605
90, 143, 22.234088
143, 90, 22.234088
91, 474, 15.398737
474, 91, 15.398737
91, 989, 15.633587
989, 91, 15.633587
91, 358, 19.535074
358, 91, 19.535074
91, 749, 23.397297
749, 91, 23.397297
91, 575, 25.221325
575, 91, 25.221325
91, 651, 38.015100
651, 91, 38.015100
91, 325, 39.812397
325, 91, 39.812397
91, 312, 41.086253
312, 91, 41.086253
91, 608, 44.937676
608, 91, 44.937676
91, 761, 45.229188
761, 91, 45.229188
92, 335, 7.672859
335, 92, 7.672859
92, 573, 8.154977
573, 92, 8.154977
92, 473, 10.754790
473, 92, 10.754790
92, 505, 12.584692
505, 92, 12.584692
92, 819, 28.229863
819, 92, 28.229863
92, 797, 31.060595
797, 92, 31.060595
92, 48, 14.198197
48, 92, 14.198197
92, 673, 37.684970
673, 92, 37.684970
92, 355, 39.190818
355, 92, 39.190818
92, 439, 40.832967
439, 92, 40.832967
93, 431, 10.082188
431, 93, 10.082188
93, 953, 32.151473
953, 93, 32.151473
93, 222, 35.201106
222, 93, 35.201106
93, 311, 37.483252
311, 93, 37.483252
93, 292, 44.059139
292, 93, 44.059139
93, 755, 52.926863
755, 93, 52.926863
93, 918, 55.094684
918, 93, 55.094684
93, 77, 55.542241
77, 93, 55.542241
93, 178, 61.661595
178, 93, 61.661595
93, 73, 65.447296
73, 93, 65.447296
94, 887, 8.291537
887, 94, 8.291537
94, 731, 16.729809
731, 94, 16.729809
94, 587, 22.241295
587, 94, 22.241295
94, 661, 22.441109
661, 94, 22.441109
94, 522, 21.884766
522, 94, 21.884766
94, 56, 22.374659
56, 94, 22.374659
94, 774, 30.982094
774, 94, 30.982094
94, 545, 45.471809
545, 94, 45.471809
94, 917, 34.082241
917, 94, 34.082241
94, 454, 52.201374
454, 94, 52.201374
95, 453, 16.185872
453, 95, 16.185872
95, 603, 20.016386
603, 95, 20.016386
95, 506, 20.542211
506, 95, 20.542211
95, 526, 27.122034
526, 95, 27.122034
95, 308, 41.099017
308, 95, 41.099017
95, 958, 21.747116
958, 95, 21.747116
95, 860, 51.894870
860, 95, 51.894870
95, 226, 23.631868
226, 95, 23.631868
95, 8, 53.014854
8, 95, 53.014854
95, 341, 54.395346
341, 95, 54.395346
96, 916, 21.217014
916, 96, 21.217014
96, 885, 27.848315
885, 96, 27.848315
96, 299, 38.979624
299, 96, 38.979624
96, 164, 40.284501
164, 96, 40.284501
96, 686, 48.541016
686, 96, 48.541016
96, 693, 50.652934
693, 96, 50.652934
96, 129, 52.052479
129, 96, 52.052479
96, 54, 54.837735
54, 96, 54.837735
96, 496, 58.576547
496, 96, 58.576547
96, 11, 62.741878
11, 96, 62.741878
97, 599, 4.029494
599, 97, 4.029494
97, 385, 17.339341
385, 97, 17.339341
97, 325, 17.801460
325, 97, 17.801460
97, 77, 22.369216
77, 97, 22.369216
97, 71, 22.574361
71, 97, 22.574361
97, 134, 23.697220
134, 97, 23.697220
97, 424, 27.330488
424, 97, 27.330488
97, 749, 38.573549
749, 97, 38.573549
97, 744, 40.791694
744, 97, 40.791694
97, 700, 42.654919
700, 97, 42.654919
98, 854, 2.258789
854, 98, 2.258789
98, 971, 2.920271
971, 98, 2.920271
98, 547, 3.135943
547, 98, 3.135943
98, 150, 3.335813
150, 98, 3.335813
98, 291, 3.723314
291, 98, 3.723314
98, 550, 3.918022
550, 98, 3.918022
98, 626, 4.167086
626, 98, 4.167086
98, 408, 4.367971
408, 98, 4.367971
98, 509, 4.617313
509, 98, 4.617313
98, 679, 4.919730
679, 98, 4.919730
99, 884, 25.808843
884, 99, 25.808843
99, 193, 29.164609
193, 99, 29.164609
99, 60, 40.375338
60, 99, 40.375338
99, 775, 41.945327
775, 99, 41.945327
99, 901, 44.419984
901, 99, 44.419984
99, 783, 54.356182
783, 99, 54.356182
99, 62, 60.724167
62, 99, 60.724167
99, 546, 63.314907
546, 99, 63.314907
99, 755, 65.740825
755, 99, 65.740825
99, 292, 66.956674
292, 99, 66.956674
100, 910, 2.509820
910, 100, 2.509820
100, 873, 4.172607
873, 100, 4.172607
100, 704, 4.738668
704, 100, 4.738668
100, 647, 5.997134
647, 100, 5.997134
100, 384, 6.054845
384, 100, 6.054845
100, 931, 6.137284
931, 100, 6.137284
100, 900, 7.318209
900, 100, 7.318209
100, 763, 8.179170
763, 100, 8.179170
100, 366, 10.757802
366, 100, 10.757802
100, 247, 11.442743
247, 100, 11.442743
101, 844, 4.715562
844, 101, 4.715562
101, 835, 8.289827
835, 101, 8.289827
101, 512, 10.338895
512, 101, 10.338895
101, 452, 10.480557
452, 101, 10.480557
101, 55, 10.721889
55, 101, 10.721889
101, 387, 10.860467
387, 101, 10.860467
101, 74, 11.073361
74, 101, 11.073361
101, 303, 12.437010
303, 101, 12.437010
101, 498, 14.476659
498, 101, 14.476659
101, 724, 15.283685
724, 101, 15.283685
102, 80, 0.395259
80, 102, 0.395259
102, 1, 1.986816
1, 102, 1.986816
102, 714, 2.674096
714, 102, 2.674096
102, 946, 2.696851
946, 102, 2.696851
102, 589, 3.067763
589, 102, 3.067763
102, 6, 4.376618
6, 102, 4.376618
102, 369, 4.511545
369, 102, 4.511545
102, 14, 4.520376
14, 102, 4.520376
102, 392, 4.874605
392, 102, 4.874605
102, 79, 4.887328
79, 102, 4.887328
103, 278, 31.741440
278, 103, 31.741440
103, 42, 41.881095
42, 103, 41.881095
103, 804, 52.787017
804, 103, 52.787017
103, 569, 55.380575
569, 103, 55.380575
103, 858, 56.486151
858, 103, 56.486151
103, 638, 58.533799
638, 103, 58.533799
103, 35, 62.632343
35, 103, 62.632343
103, 472, 64.791515
472, 103, 64.791515
103, 894, 72.833021
894, 103, 72.833021
103, 897, 76.828770
897, 103, 76.828770
104, 593, 1.149179
593, 104, 1.149179
104, 185, 4.986797
185, 104, 4.986797
104, 865, 5.621775
865, 104, 5.621775
104, 759, 6.449446
759, 104, 6.449446
104, 89, 6.953259
89, 104, 6.953259
104, 295, 7.337847
295, 104, 7.337847
104, 548, 17.651271
548, 104, 17.651271
104, 984, 8.263667
984, 104, 8.263667
104, 760, 24.815761
760, 104, 24.815761
104, 478, 13.157094
478, 104, 13.157094
105, 138, 1.837925
138, 105, 1.837925
105, 240, 13.320849
240, 105, 13.320849
105, 287, 18.271650
287, 105, 18.271650
105, 544, 18.613571
544, 105, 18.613571
105, 133, 20.264025
133, 105, 20.264025
105, 233, 21.825501
233, 105, 21.825501
105, 912, 26.235062
912, 105, 26.235062
105, 81, 27.800703
81, 105, 27.800703
105, 381, 30.018554
381, 105, 30.018554
105, 834, 30.906892
834, 105, 30.906892
106, 83, 33.430232
83, 106, 33.430232
106, 564, 18.629715
564, 106, 18.629715
106, 400, 42.688259
400, 106, 42.688259
106, 660, 44.426547
660, 106, 44.426547
106, 320, 47.356041
320, 106, 47.356041
106, 322, 22.374314
322, 106, 22.374314
106, 231, 24.678412
231, 106, 24.678412
106, 530, 27.152617
530, 106, 27.152617
106, 688, 28.249496
688, 106, 28.249496
106, 215, 64.329946
215, 106, 64.329946
107, 417, 3.469219
417, 107, 3.469219
107, 674, 7.926237
674, 107, 7.926237
107, 375, 8.712907
375, 107, 8.712907
107, 153, 3.625801
153, 107, 3.625801
107, 870, 5.621335
870, 107, 5.621335
107, 664, 7.283959
664, 107, 7.283959
107, 983, 16.620070
983, 107, 16.620070
107, 756, 5.950950
756, 107, 5.950950
107, 750, 7.072694
750, 107, 7.072694
107, 846, 10.569495
846, 107, 10.569495
108, 800, 18.521989
800, 108, 18.521989
108, 648, 25.914701
648, 108, 25.914701
108, 628, 30.309691
628, 108, 30.309691
108, 450, 32.900373
450, 108, 32.900373
108, 186, 35.193365
186, 108, 35.193365
108, 456, 37.997399
456, 108, 37.997399
108, 109, 42.673678
109, 108, 42.673678
108, 210, 48.122657
210, 108, 48.122657
108, 156, 48.501914
156, 108, 48.501914
108, 662, 50.116942
662, 108, 50.116942
109, 662, 8.276756
662, 109, 8.276756
109, 450, 24.127994
450, 109, 24.127994
109, 897, 38.528445
897, 109, 38.528445
